dataset,n_sample,noise_level,clf_type,acc_train,std_train,acc_valid,std_valid,acc_diff,C,gamma
circles,10,0.0,log_reg,0.7,0.051,0.7,0.458,0.0,0.001,0.0
circles,10,0.0,log_reg,0.7,0.051,0.7,0.458,0.0,0.01,0.0
circles,10,0.0,log_reg,0.7,0.051,0.7,0.458,0.0,0.1,0.0
circles,10,0.0,log_reg,0.644,0.109,0.6,0.49,0.044,1.0,0.0
circles,10,0.0,log_reg,0.767,0.126,0.6,0.49,0.167,10.0,0.0
circles,10,0.0,log_reg,0.789,0.116,0.7,0.458,0.089,100.0,0.0
circles,10,0.0,log_reg,0.789,0.116,0.7,0.458,0.089,1000.0,0.0
circles,10,0.0,svm,0.7,0.051,0.7,0.458,0.0,0.1,0.0001
circles,10,0.0,svm,0.7,0.051,0.7,0.458,0.0,0.1,0.001
circles,10,0.0,svm,0.7,0.051,0.7,0.458,0.0,0.1,0.01
circles,10,0.0,svm,0.7,0.051,0.7,0.458,0.0,0.1,0.1
circles,10,0.0,svm,0.7,0.051,0.7,0.458,0.0,0.1,1.0
circles,10,0.0,svm,0.7,0.051,0.7,0.458,0.0,0.1,2.0
circles,10,0.0,svm,0.7,0.051,0.7,0.458,0.0,0.1,5.0
circles,10,0.0,svm,0.7,0.051,0.7,0.458,0.0,0.1,10.0
circles,10,0.0,svm,0.7,0.051,0.7,0.458,0.0,0.1,25.0
circles,10,0.0,svm,0.7,0.051,0.7,0.458,0.0,0.1,50.0
circles,10,0.0,svm,0.7,0.051,0.7,0.458,0.0,0.1,100.0
circles,10,0.0,svm,0.7,0.051,0.7,0.458,0.0,0.1,250.0
circles,10,0.0,svm,0.7,0.051,0.7,0.458,0.0,0.1,500.0
circles,10,0.0,svm,0.7,0.051,0.7,0.458,0.0,0.1,1000.0
circles,10,0.0,svm,0.7,0.051,0.7,0.458,0.0,1.0,0.0001
circles,10,0.0,svm,0.7,0.051,0.7,0.458,0.0,1.0,0.001
circles,10,0.0,svm,0.7,0.051,0.7,0.458,0.0,1.0,0.01
circles,10,0.0,svm,0.7,0.051,0.7,0.458,0.0,1.0,0.1
circles,10,0.0,svm,0.878,0.06,0.5,0.5,0.378,1.0,1.0
circles,10,0.0,svm,0.9,0.06,0.5,0.5,0.4,1.0,2.0
circles,10,0.0,svm,0.922,0.051,0.6,0.49,0.322,1.0,5.0
circles,10,0.0,svm,0.944,0.056,0.6,0.49,0.344,1.0,10.0
circles,10,0.0,svm,1.0,0.0,0.6,0.49,0.4,1.0,25.0
circles,10,0.0,svm,1.0,0.0,0.7,0.458,0.3,1.0,50.0
circles,10,0.0,svm,1.0,0.0,0.7,0.458,0.3,1.0,100.0
circles,10,0.0,svm,1.0,0.0,0.7,0.458,0.3,1.0,250.0
circles,10,0.0,svm,1.0,0.0,0.7,0.458,0.3,1.0,500.0
circles,10,0.0,svm,1.0,0.0,0.7,0.458,0.3,1.0,1000.0
circles,10,0.0,svm,0.7,0.051,0.7,0.458,0.0,10.0,0.0001
circles,10,0.0,svm,0.7,0.051,0.7,0.458,0.0,10.0,0.001
circles,10,0.0,svm,0.7,0.051,0.7,0.458,0.0,10.0,0.01
circles,10,0.0,svm,0.822,0.074,0.5,0.5,0.322,10.0,0.1
circles,10,0.0,svm,0.911,0.044,0.7,0.458,0.211,10.0,1.0
circles,10,0.0,svm,1.0,0.0,0.7,0.458,0.3,10.0,2.0
circles,10,0.0,svm,1.0,0.0,0.6,0.49,0.4,10.0,5.0
circles,10,0.0,svm,1.0,0.0,0.6,0.49,0.4,10.0,10.0
circles,10,0.0,svm,1.0,0.0,0.6,0.49,0.4,10.0,25.0
circles,10,0.0,svm,1.0,0.0,0.7,0.458,0.3,10.0,50.0
circles,10,0.0,svm,1.0,0.0,0.7,0.458,0.3,10.0,100.0
circles,10,0.0,svm,1.0,0.0,0.7,0.458,0.3,10.0,250.0
circles,10,0.0,svm,1.0,0.0,0.7,0.458,0.3,10.0,500.0
circles,10,0.0,svm,1.0,0.0,0.7,0.458,0.3,10.0,1000.0
circles,50,0.0,log_reg,0.54,0.028,0.54,0.254,0.0,0.001,0.0
circles,50,0.0,log_reg,0.54,0.017,0.54,0.156,0.0,0.01,0.0
circles,50,0.0,log_reg,0.536,0.032,0.48,0.133,0.056,0.1,0.0
circles,50,0.0,log_reg,0.553,0.042,0.26,0.128,0.293,1.0,0.0
circles,50,0.0,log_reg,0.542,0.04,0.38,0.244,0.162,10.0,0.0
circles,50,0.0,log_reg,0.556,0.044,0.36,0.12,0.196,100.0,0.0
circles,50,0.0,log_reg,0.549,0.058,0.3,0.241,0.249,1000.0,0.0
circles,50,0.0,svm,0.542,0.018,0.44,0.196,0.102,0.1,0.0001
circles,50,0.0,svm,0.544,0.025,0.34,0.237,0.204,0.1,0.001
circles,50,0.0,svm,0.54,0.024,0.54,0.22,0.0,0.1,0.01
circles,50,0.0,svm,0.542,0.033,0.44,0.32,0.102,0.1,0.1
circles,50,0.0,svm,0.54,0.022,0.54,0.201,0.0,0.1,1.0
circles,50,0.0,svm,0.542,0.025,0.44,0.25,0.102,0.1,2.0
circles,50,0.0,svm,0.54,0.026,0.54,0.237,0.0,0.1,5.0
circles,50,0.0,svm,0.54,0.022,0.54,0.201,0.0,0.1,10.0
circles,50,0.0,svm,0.54,0.024,0.54,0.22,0.0,0.1,25.0
circles,50,0.0,svm,0.542,0.035,0.44,0.332,0.102,0.1,50.0
circles,50,0.0,svm,0.54,0.024,0.54,0.22,0.0,0.1,100.0
circles,50,0.0,svm,0.54,0.028,0.54,0.254,0.0,0.1,250.0
circles,50,0.0,svm,0.542,0.03,0.44,0.294,0.102,0.1,500.0
circles,50,0.0,svm,0.542,0.02,0.44,0.215,0.102,0.1,1000.0
circles,50,0.0,svm,0.54,0.02,0.54,0.18,0.0,1.0,0.0001
circles,50,0.0,svm,0.54,0.03,0.54,0.269,0.0,1.0,0.001
circles,50,0.0,svm,0.542,0.018,0.44,0.196,0.102,1.0,0.01
circles,50,0.0,svm,0.54,0.028,0.46,0.22,0.08,1.0,0.1
circles,50,0.0,svm,0.891,0.052,0.76,0.196,0.131,1.0,1.0
circles,50,0.0,svm,0.911,0.017,0.88,0.133,0.031,1.0,2.0
circles,50,0.0,svm,0.949,0.014,0.84,0.15,0.109,1.0,5.0
circles,50,0.0,svm,0.989,0.02,0.84,0.08,0.149,1.0,10.0
circles,50,0.0,svm,1.0,0.0,0.9,0.1,0.1,1.0,25.0
circles,50,0.0,svm,1.0,0.0,0.86,0.156,0.14,1.0,50.0
circles,50,0.0,svm,1.0,0.0,0.84,0.15,0.16,1.0,100.0
circles,50,0.0,svm,1.0,0.0,0.78,0.108,0.22,1.0,250.0
circles,50,0.0,svm,1.0,0.0,0.62,0.209,0.38,1.0,500.0
circles,50,0.0,svm,1.0,0.0,0.56,0.196,0.44,1.0,1000.0
circles,50,0.0,svm,0.54,0.014,0.54,0.128,0.0,10.0,0.0001
circles,50,0.0,svm,0.54,0.02,0.54,0.18,0.0,10.0,0.001
circles,50,0.0,svm,0.547,0.018,0.48,0.16,0.067,10.0,0.01
circles,50,0.0,svm,0.596,0.044,0.42,0.14,0.176,10.0,0.1
circles,50,0.0,svm,1.0,0.0,1.0,0.0,0.0,10.0,1.0
circles,50,0.0,svm,1.0,0.0,1.0,0.0,0.0,10.0,2.0
circles,50,0.0,svm,1.0,0.0,0.94,0.128,0.06,10.0,5.0
circles,50,0.0,svm,1.0,0.0,0.94,0.092,0.06,10.0,10.0
circles,50,0.0,svm,1.0,0.0,0.88,0.133,0.12,10.0,25.0
circles,50,0.0,svm,1.0,0.0,0.88,0.16,0.12,10.0,50.0
circles,50,0.0,svm,1.0,0.0,0.84,0.15,0.16,10.0,100.0
circles,50,0.0,svm,1.0,0.0,0.72,0.16,0.28,10.0,250.0
circles,50,0.0,svm,1.0,0.0,0.64,0.215,0.36,10.0,500.0
circles,50,0.0,svm,1.0,0.0,0.58,0.189,0.42,10.0,1000.0
circles,100,0.0,log_reg,0.531,0.013,0.47,0.119,0.061,0.001,0.0
circles,100,0.0,log_reg,0.524,0.013,0.4,0.141,0.124,0.01,0.0
circles,100,0.0,log_reg,0.502,0.041,0.44,0.092,0.062,0.1,0.0
circles,100,0.0,log_reg,0.504,0.018,0.34,0.111,0.164,1.0,0.0
circles,100,0.0,log_reg,0.513,0.026,0.34,0.066,0.173,10.0,0.0
circles,100,0.0,log_reg,0.511,0.023,0.41,0.07,0.101,100.0,0.0
circles,100,0.0,log_reg,0.514,0.034,0.38,0.16,0.134,1000.0,0.0
circles,100,0.0,svm,0.52,0.008,0.52,0.075,0.0,0.1,0.0001
circles,100,0.0,svm,0.521,0.018,0.42,0.147,0.101,0.1,0.001
circles,100,0.0,svm,0.528,0.011,0.47,0.064,0.058,0.1,0.01
circles,100,0.0,svm,0.574,0.142,0.52,0.166,0.054,0.1,0.1
circles,100,0.0,svm,0.561,0.069,0.42,0.125,0.141,0.1,1.0
circles,100,0.0,svm,0.577,0.104,0.52,0.117,0.057,0.1,2.0
circles,100,0.0,svm,0.598,0.135,0.46,0.211,0.138,0.1,5.0
circles,100,0.0,svm,0.592,0.132,0.45,0.163,0.142,0.1,10.0
circles,100,0.0,svm,0.571,0.14,0.49,0.217,0.081,0.1,25.0
circles,100,0.0,svm,0.57,0.144,0.51,0.094,0.06,0.1,50.0
circles,100,0.0,svm,0.572,0.144,0.46,0.201,0.112,0.1,100.0
circles,100,0.0,svm,0.52,0.01,0.52,0.087,0.0,0.1,250.0
circles,100,0.0,svm,0.622,0.189,0.46,0.185,0.162,0.1,500.0
circles,100,0.0,svm,0.57,0.144,0.52,0.098,0.05,0.1,1000.0
circles,100,0.0,svm,0.526,0.011,0.42,0.125,0.106,1.0,0.0001
circles,100,0.0,svm,0.531,0.024,0.43,0.127,0.101,1.0,0.001
circles,100,0.0,svm,0.52,0.02,0.42,0.147,0.1,1.0,0.01
circles,100,0.0,svm,0.532,0.017,0.46,0.092,0.072,1.0,0.1
circles,100,0.0,svm,0.999,0.003,0.99,0.03,0.009,1.0,1.0
circles,100,0.0,svm,0.999,0.003,1.0,0.0,-0.001,1.0,2.0
circles,100,0.0,svm,1.0,0.0,1.0,0.0,0.0,1.0,5.0
circles,100,0.0,svm,1.0,0.0,0.99,0.03,0.01,1.0,10.0
circles,100,0.0,svm,1.0,0.0,0.96,0.049,0.04,1.0,25.0
circles,100,0.0,svm,1.0,0.0,0.95,0.067,0.05,1.0,50.0
circles,100,0.0,svm,1.0,0.0,0.93,0.1,0.07,1.0,100.0
circles,100,0.0,svm,1.0,0.0,0.91,0.07,0.09,1.0,250.0
circles,100,0.0,svm,1.0,0.0,0.88,0.133,0.12,1.0,500.0
circles,100,0.0,svm,1.0,0.0,0.82,0.133,0.18,1.0,1000.0
circles,100,0.0,svm,0.527,0.017,0.46,0.156,0.067,10.0,0.0001
circles,100,0.0,svm,0.527,0.023,0.43,0.09,0.097,10.0,0.001
circles,100,0.0,svm,0.536,0.021,0.37,0.168,0.166,10.0,0.01
circles,100,0.0,svm,0.806,0.107,0.69,0.176,0.116,10.0,0.1
circles,100,0.0,svm,1.0,0.0,1.0,0.0,0.0,10.0,1.0
circles,100,0.0,svm,1.0,0.0,1.0,0.0,0.0,10.0,2.0
circles,100,0.0,svm,1.0,0.0,1.0,0.0,0.0,10.0,5.0
circles,100,0.0,svm,1.0,0.0,1.0,0.0,0.0,10.0,10.0
circles,100,0.0,svm,1.0,0.0,0.99,0.03,0.01,10.0,25.0
circles,100,0.0,svm,1.0,0.0,0.96,0.049,0.04,10.0,50.0
circles,100,0.0,svm,1.0,0.0,0.96,0.092,0.04,10.0,100.0
circles,100,0.0,svm,1.0,0.0,0.88,0.075,0.12,10.0,250.0
circles,100,0.0,svm,1.0,0.0,0.87,0.11,0.13,10.0,500.0
circles,100,0.0,svm,1.0,0.0,0.87,0.078,0.13,10.0,1000.0
circles,1000,0.0,log_reg,0.518,0.004,0.518,0.038,0.0,0.001,0.0
circles,1000,0.0,log_reg,0.513,0.015,0.496,0.036,0.017,0.01,0.0
circles,1000,0.0,log_reg,0.502,0.023,0.479,0.039,0.023,0.1,0.0
circles,1000,0.0,log_reg,0.49,0.029,0.456,0.035,0.034,1.0,0.0
circles,1000,0.0,log_reg,0.472,0.027,0.441,0.042,0.031,10.0,0.0
circles,1000,0.0,log_reg,0.492,0.029,0.454,0.049,0.038,100.0,0.0
circles,1000,0.0,log_reg,0.484,0.032,0.455,0.028,0.029,1000.0,0.0
circles,1000,0.0,svm,0.518,0.004,0.518,0.037,0.0,0.1,0.0001
circles,1000,0.0,svm,0.518,0.005,0.518,0.048,0.0,0.1,0.001
circles,1000,0.0,svm,0.518,0.004,0.518,0.036,0.0,0.1,0.01
circles,1000,0.0,svm,0.518,0.006,0.518,0.055,0.0,0.1,0.1
circles,1000,0.0,svm,1.0,0.0,1.0,0.0,0.0,0.1,1.0
circles,1000,0.0,svm,1.0,0.0,1.0,0.0,0.0,0.1,2.0
circles,1000,0.0,svm,1.0,0.0,1.0,0.0,0.0,0.1,5.0
circles,1000,0.0,svm,1.0,0.0,1.0,0.0,0.0,0.1,10.0
circles,1000,0.0,svm,1.0,0.0,1.0,0.0,0.0,0.1,25.0
circles,1000,0.0,svm,1.0,0.0,1.0,0.0,0.0,0.1,50.0
circles,1000,0.0,svm,1.0,0.0,1.0,0.0,0.0,0.1,100.0
circles,1000,0.0,svm,1.0,0.0,1.0,0.0,0.0,0.1,250.0
circles,1000,0.0,svm,0.998,0.002,0.986,0.014,0.012,0.1,500.0
circles,1000,0.0,svm,0.868,0.039,0.757,0.05,0.111,0.1,1000.0
circles,1000,0.0,svm,0.518,0.005,0.518,0.047,0.0,1.0,0.0001
circles,1000,0.0,svm,0.518,0.007,0.518,0.063,0.0,1.0,0.001
circles,1000,0.0,svm,0.518,0.005,0.518,0.049,0.0,1.0,0.01
circles,1000,0.0,svm,0.598,0.118,0.567,0.124,0.031,1.0,0.1
circles,1000,0.0,svm,1.0,0.0,1.0,0.0,0.0,1.0,1.0
circles,1000,0.0,svm,1.0,0.0,1.0,0.0,0.0,1.0,2.0
circles,1000,0.0,svm,1.0,0.0,1.0,0.0,0.0,1.0,5.0
circles,1000,0.0,svm,1.0,0.0,1.0,0.0,0.0,1.0,10.0
circles,1000,0.0,svm,1.0,0.0,1.0,0.0,0.0,1.0,25.0
circles,1000,0.0,svm,1.0,0.0,1.0,0.0,0.0,1.0,50.0
circles,1000,0.0,svm,1.0,0.0,1.0,0.0,0.0,1.0,100.0
circles,1000,0.0,svm,1.0,0.0,1.0,0.0,0.0,1.0,250.0
circles,1000,0.0,svm,1.0,0.0,1.0,0.0,0.0,1.0,500.0
circles,1000,0.0,svm,1.0,0.0,1.0,0.0,0.0,1.0,1000.0
circles,1000,0.0,svm,0.518,0.005,0.518,0.045,0.0,10.0,0.0001
circles,1000,0.0,svm,0.518,0.008,0.518,0.073,0.0,10.0,0.001
circles,1000,0.0,svm,0.52,0.008,0.504,0.052,0.016,10.0,0.01
circles,1000,0.0,svm,1.0,0.0,1.0,0.0,0.0,10.0,0.1
circles,1000,0.0,svm,1.0,0.0,1.0,0.0,0.0,10.0,1.0
circles,1000,0.0,svm,1.0,0.0,1.0,0.0,0.0,10.0,2.0
circles,1000,0.0,svm,1.0,0.0,1.0,0.0,0.0,10.0,5.0
circles,1000,0.0,svm,1.0,0.0,1.0,0.0,0.0,10.0,10.0
circles,1000,0.0,svm,1.0,0.0,1.0,0.0,0.0,10.0,25.0
circles,1000,0.0,svm,1.0,0.0,1.0,0.0,0.0,10.0,50.0
circles,1000,0.0,svm,1.0,0.0,1.0,0.0,0.0,10.0,100.0
circles,1000,0.0,svm,1.0,0.0,1.0,0.0,0.0,10.0,250.0
circles,1000,0.0,svm,1.0,0.0,1.0,0.0,0.0,10.0,500.0
circles,1000,0.0,svm,1.0,0.0,1.0,0.0,0.0,10.0,1000.0
circles,10000,0.0,log_reg,0.488,0.036,0.467,0.032,0.021,0.001,0.0
circles,10000,0.0,log_reg,0.502,0.016,0.487,0.016,0.015,0.01,0.0
circles,10000,0.0,log_reg,0.513,0.047,0.489,0.052,0.024,0.1,0.0
circles,10000,0.0,log_reg,0.506,0.026,0.478,0.034,0.028,1.0,0.0
circles,10000,0.0,log_reg,0.502,0.025,0.478,0.019,0.024,10.0,0.0
circles,10000,0.0,log_reg,0.519,0.027,0.491,0.033,0.028,100.0,0.0
circles,10000,0.0,log_reg,0.498,0.019,0.477,0.024,0.021,1000.0,0.0
circles,10000,0.0,svm,0.501,0.001,0.489,0.007,0.012,0.1,0.0001
circles,10000,0.0,svm,0.501,0.001,0.49,0.006,0.011,0.1,0.001
circles,10000,0.0,svm,0.502,0.001,0.486,0.005,0.016,0.1,0.01
circles,10000,0.0,svm,0.73,0.194,0.712,0.202,0.018,0.1,0.1
circles,10000,0.0,svm,1.0,0.0,1.0,0.0,0.0,0.1,1.0
circles,10000,0.0,svm,1.0,0.0,1.0,0.0,0.0,0.1,2.0
circles,10000,0.0,svm,1.0,0.0,1.0,0.0,0.0,0.1,5.0
circles,10000,0.0,svm,1.0,0.0,1.0,0.0,0.0,0.1,10.0
circles,10000,0.0,svm,1.0,0.0,1.0,0.0,0.0,0.1,25.0
circles,10000,0.0,svm,1.0,0.0,1.0,0.0,0.0,0.1,50.0
circles,10000,0.0,svm,1.0,0.0,1.0,0.0,0.0,0.1,100.0
circles,10000,0.0,svm,1.0,0.0,1.0,0.0,0.0,0.1,250.0
circles,10000,0.0,svm,1.0,0.0,1.0,0.0,0.0,0.1,500.0
circles,10000,0.0,svm,1.0,0.0,1.0,0.0,0.0,0.1,1000.0
circles,10000,0.0,svm,0.501,0.001,0.49,0.011,0.011,1.0,0.0001
circles,10000,0.0,svm,0.502,0.001,0.486,0.01,0.016,1.0,0.001
circles,10000,0.0,svm,0.503,0.001,0.477,0.013,0.026,1.0,0.01
circles,10000,0.0,svm,1.0,0.0,1.0,0.0,0.0,1.0,0.1
circles,10000,0.0,svm,1.0,0.0,1.0,0.0,0.0,1.0,1.0
circles,10000,0.0,svm,1.0,0.0,1.0,0.0,0.0,1.0,2.0
circles,10000,0.0,svm,1.0,0.0,1.0,0.0,0.0,1.0,5.0
circles,10000,0.0,svm,1.0,0.0,1.0,0.0,0.0,1.0,10.0
circles,10000,0.0,svm,1.0,0.0,1.0,0.0,0.0,1.0,25.0
circles,10000,0.0,svm,1.0,0.0,1.0,0.0,0.0,1.0,50.0
circles,10000,0.0,svm,1.0,0.0,1.0,0.0,0.0,1.0,100.0
circles,10000,0.0,svm,1.0,0.0,1.0,0.0,0.0,1.0,250.0
circles,10000,0.0,svm,1.0,0.0,1.0,0.0,0.0,1.0,500.0
circles,10000,0.0,svm,1.0,0.0,1.0,0.0,0.0,1.0,1000.0
circles,10000,0.0,svm,0.502,0.002,0.484,0.01,0.018,10.0,0.0001
circles,10000,0.0,svm,0.502,0.001,0.484,0.012,0.018,10.0,0.001
circles,10000,0.0,svm,1.0,0.0,1.0,0.0,0.0,10.0,0.01
circles,10000,0.0,svm,1.0,0.0,1.0,0.0,0.0,10.0,0.1
circles,10000,0.0,svm,1.0,0.0,1.0,0.0,0.0,10.0,1.0
circles,10000,0.0,svm,1.0,0.0,1.0,0.0,0.0,10.0,2.0
circles,10000,0.0,svm,1.0,0.0,1.0,0.0,0.0,10.0,5.0
circles,10000,0.0,svm,1.0,0.0,1.0,0.0,0.0,10.0,10.0
circles,10000,0.0,svm,1.0,0.0,1.0,0.0,0.0,10.0,25.0
circles,10000,0.0,svm,1.0,0.0,1.0,0.0,0.0,10.0,50.0
circles,10000,0.0,svm,1.0,0.0,1.0,0.0,0.0,10.0,100.0
circles,10000,0.0,svm,1.0,0.0,1.0,0.0,0.0,10.0,250.0
circles,10000,0.0,svm,1.0,0.0,1.0,0.0,0.0,10.0,500.0
circles,10000,0.0,svm,1.0,0.0,1.0,0.0,0.0,10.0,1000.0
circles,10,0.1,log_reg,0.6,0.054,0.6,0.49,0.0,0.001,0.0
circles,10,0.1,log_reg,0.6,0.054,0.6,0.49,0.0,0.01,0.0
circles,10,0.1,log_reg,0.6,0.054,0.6,0.49,0.0,0.1,0.0
circles,10,0.1,log_reg,0.667,0.086,0.4,0.49,0.267,1.0,0.0
circles,10,0.1,log_reg,0.711,0.113,0.5,0.5,0.211,10.0,0.0
circles,10,0.1,log_reg,0.722,0.102,0.5,0.5,0.222,100.0,0.0
circles,10,0.1,log_reg,0.722,0.102,0.5,0.5,0.222,1000.0,0.0
circles,10,0.1,svm,0.6,0.054,0.6,0.49,0.0,0.1,0.0001
circles,10,0.1,svm,0.6,0.054,0.6,0.49,0.0,0.1,0.001
circles,10,0.1,svm,0.6,0.054,0.6,0.49,0.0,0.1,0.01
circles,10,0.1,svm,0.6,0.054,0.6,0.49,0.0,0.1,0.1
circles,10,0.1,svm,0.6,0.054,0.6,0.49,0.0,0.1,1.0
circles,10,0.1,svm,0.6,0.054,0.6,0.49,0.0,0.1,2.0
circles,10,0.1,svm,0.6,0.054,0.6,0.49,0.0,0.1,5.0
circles,10,0.1,svm,0.6,0.054,0.6,0.49,0.0,0.1,10.0
circles,10,0.1,svm,0.6,0.054,0.6,0.49,0.0,0.1,25.0
circles,10,0.1,svm,0.6,0.054,0.6,0.49,0.0,0.1,50.0
circles,10,0.1,svm,0.6,0.054,0.6,0.49,0.0,0.1,100.0
circles,10,0.1,svm,0.6,0.054,0.6,0.49,0.0,0.1,250.0
circles,10,0.1,svm,0.6,0.054,0.6,0.49,0.0,0.1,500.0
circles,10,0.1,svm,0.6,0.054,0.6,0.49,0.0,0.1,1000.0
circles,10,0.1,svm,0.6,0.054,0.6,0.49,0.0,1.0,0.0001
circles,10,0.1,svm,0.6,0.054,0.6,0.49,0.0,1.0,0.001
circles,10,0.1,svm,0.6,0.054,0.6,0.49,0.0,1.0,0.01
circles,10,0.1,svm,0.6,0.054,0.6,0.49,0.0,1.0,0.1
circles,10,0.1,svm,0.822,0.089,0.3,0.458,0.522,1.0,1.0
circles,10,0.1,svm,0.889,0.05,0.3,0.458,0.589,1.0,2.0
circles,10,0.1,svm,0.989,0.033,0.8,0.4,0.189,1.0,5.0
circles,10,0.1,svm,1.0,0.0,0.8,0.4,0.2,1.0,10.0
circles,10,0.1,svm,1.0,0.0,0.6,0.49,0.4,1.0,25.0
circles,10,0.1,svm,1.0,0.0,0.6,0.49,0.4,1.0,50.0
circles,10,0.1,svm,1.0,0.0,0.6,0.49,0.4,1.0,100.0
circles,10,0.1,svm,1.0,0.0,0.6,0.49,0.4,1.0,250.0
circles,10,0.1,svm,1.0,0.0,0.6,0.49,0.4,1.0,500.0
circles,10,0.1,svm,1.0,0.0,0.6,0.49,0.4,1.0,1000.0
circles,10,0.1,svm,0.6,0.054,0.6,0.49,0.0,10.0,0.0001
circles,10,0.1,svm,0.6,0.054,0.6,0.49,0.0,10.0,0.001
circles,10,0.1,svm,0.6,0.054,0.6,0.49,0.0,10.0,0.01
circles,10,0.1,svm,0.767,0.092,0.3,0.458,0.467,10.0,0.1
circles,10,0.1,svm,1.0,0.0,0.8,0.4,0.2,10.0,1.0
circles,10,0.1,svm,1.0,0.0,0.8,0.4,0.2,10.0,2.0
circles,10,0.1,svm,1.0,0.0,0.9,0.3,0.1,10.0,5.0
circles,10,0.1,svm,1.0,0.0,0.8,0.4,0.2,10.0,10.0
circles,10,0.1,svm,1.0,0.0,0.8,0.4,0.2,10.0,25.0
circles,10,0.1,svm,1.0,0.0,0.6,0.49,0.4,10.0,50.0
circles,10,0.1,svm,1.0,0.0,0.6,0.49,0.4,10.0,100.0
circles,10,0.1,svm,1.0,0.0,0.6,0.49,0.4,10.0,250.0
circles,10,0.1,svm,1.0,0.0,0.6,0.49,0.4,10.0,500.0
circles,10,0.1,svm,1.0,0.0,0.6,0.49,0.4,10.0,1000.0
circles,50,0.1,log_reg,0.531,0.023,0.3,0.224,0.231,0.001,0.0
circles,50,0.1,log_reg,0.529,0.019,0.28,0.133,0.249,0.01,0.0
circles,50,0.1,log_reg,0.538,0.049,0.36,0.15,0.178,0.1,0.0
circles,50,0.1,log_reg,0.524,0.045,0.3,0.161,0.224,1.0,0.0
circles,50,0.1,log_reg,0.544,0.049,0.34,0.18,0.204,10.0,0.0
circles,50,0.1,log_reg,0.518,0.046,0.34,0.092,0.178,100.0,0.0
circles,50,0.1,log_reg,0.538,0.061,0.32,0.183,0.218,1000.0,0.0
circles,50,0.1,svm,0.524,0.011,0.4,0.126,0.124,0.1,0.0001
circles,50,0.1,svm,0.522,0.015,0.46,0.156,0.062,0.1,0.001
circles,50,0.1,svm,0.524,0.015,0.4,0.155,0.124,0.1,0.01
circles,50,0.1,svm,0.527,0.02,0.34,0.18,0.187,0.1,0.1
circles,50,0.1,svm,0.527,0.02,0.34,0.18,0.187,0.1,1.0
circles,50,0.1,svm,0.527,0.014,0.42,0.189,0.107,0.1,2.0
circles,50,0.1,svm,0.522,0.011,0.46,0.128,0.062,0.1,5.0
circles,50,0.1,svm,0.527,0.017,0.34,0.156,0.187,0.1,10.0
circles,50,0.1,svm,0.527,0.01,0.42,0.166,0.107,0.1,25.0
circles,50,0.1,svm,0.527,0.017,0.34,0.156,0.187,0.1,50.0
circles,50,0.1,svm,0.531,0.021,0.3,0.205,0.231,0.1,100.0
circles,50,0.1,svm,0.522,0.015,0.46,0.156,0.062,0.1,250.0
circles,50,0.1,svm,0.522,0.015,0.46,0.156,0.062,0.1,500.0
circles,50,0.1,svm,0.527,0.017,0.34,0.156,0.187,0.1,1000.0
circles,50,0.1,svm,0.522,0.015,0.46,0.156,0.062,1.0,0.0001
circles,50,0.1,svm,0.524,0.018,0.4,0.179,0.124,1.0,0.001
circles,50,0.1,svm,0.529,0.013,0.36,0.174,0.169,1.0,0.01
circles,50,0.1,svm,0.529,0.019,0.28,0.133,0.249,1.0,0.1
circles,50,0.1,svm,0.878,0.035,0.74,0.254,0.138,1.0,1.0
circles,50,0.1,svm,0.878,0.025,0.7,0.205,0.178,1.0,2.0
circles,50,0.1,svm,0.902,0.023,0.74,0.156,0.162,1.0,5.0
circles,50,0.1,svm,0.944,0.02,0.72,0.183,0.224,1.0,10.0
circles,50,0.1,svm,0.96,0.009,0.8,0.126,0.16,1.0,25.0
circles,50,0.1,svm,0.964,0.011,0.74,0.18,0.224,1.0,50.0
circles,50,0.1,svm,0.964,0.018,0.64,0.15,0.324,1.0,100.0
circles,50,0.1,svm,0.982,0.009,0.54,0.201,0.442,1.0,250.0
circles,50,0.1,svm,0.982,0.009,0.52,0.183,0.462,1.0,500.0
circles,50,0.1,svm,0.991,0.011,0.38,0.227,0.611,1.0,1000.0
circles,50,0.1,svm,0.529,0.026,0.28,0.204,0.249,10.0,0.0001
circles,50,0.1,svm,0.522,0.015,0.46,0.156,0.062,10.0,0.001
circles,50,0.1,svm,0.529,0.017,0.28,0.098,0.249,10.0,0.01
circles,50,0.1,svm,0.762,0.044,0.66,0.201,0.102,10.0,0.1
circles,50,0.1,svm,0.922,0.033,0.82,0.166,0.102,10.0,1.0
circles,50,0.1,svm,0.936,0.016,0.84,0.12,0.096,10.0,2.0
circles,50,0.1,svm,0.962,0.01,0.78,0.14,0.182,10.0,5.0
circles,50,0.1,svm,0.962,0.01,0.82,0.108,0.142,10.0,10.0
circles,50,0.1,svm,0.967,0.015,0.78,0.14,0.187,10.0,25.0
circles,50,0.1,svm,0.982,0.009,0.74,0.128,0.242,10.0,50.0
circles,50,0.1,svm,0.984,0.01,0.62,0.244,0.364,10.0,100.0
circles,50,0.1,svm,1.0,0.0,0.56,0.233,0.44,10.0,250.0
circles,50,0.1,svm,1.0,0.0,0.5,0.184,0.5,10.0,500.0
circles,50,0.1,svm,1.0,0.0,0.48,0.256,0.52,10.0,1000.0
circles,100,0.1,log_reg,0.528,0.022,0.39,0.083,0.138,0.001,0.0
circles,100,0.1,log_reg,0.531,0.023,0.39,0.122,0.141,0.01,0.0
circles,100,0.1,log_reg,0.566,0.022,0.44,0.092,0.126,0.1,0.0
circles,100,0.1,log_reg,0.532,0.026,0.49,0.192,0.042,1.0,0.0
circles,100,0.1,log_reg,0.532,0.025,0.49,0.122,0.042,10.0,0.0
circles,100,0.1,log_reg,0.556,0.028,0.44,0.143,0.116,100.0,0.0
circles,100,0.1,log_reg,0.54,0.026,0.46,0.15,0.08,1000.0,0.0
circles,100,0.1,svm,0.524,0.012,0.36,0.12,0.164,0.1,0.0001
circles,100,0.1,svm,0.519,0.007,0.46,0.143,0.059,0.1,0.001
circles,100,0.1,svm,0.524,0.014,0.34,0.066,0.184,0.1,0.01
circles,100,0.1,svm,0.523,0.013,0.46,0.136,0.063,0.1,0.1
circles,100,0.1,svm,0.532,0.028,0.36,0.128,0.172,0.1,1.0
circles,100,0.1,svm,0.591,0.088,0.41,0.151,0.181,0.1,2.0
circles,100,0.1,svm,0.55,0.074,0.48,0.098,0.07,0.1,5.0
circles,100,0.1,svm,0.582,0.129,0.46,0.18,0.122,0.1,10.0
circles,100,0.1,svm,0.557,0.122,0.45,0.157,0.107,0.1,25.0
circles,100,0.1,svm,0.643,0.192,0.55,0.22,0.093,0.1,50.0
circles,100,0.1,svm,0.614,0.176,0.38,0.209,0.234,0.1,100.0
circles,100,0.1,svm,0.61,0.184,0.44,0.128,0.17,0.1,250.0
circles,100,0.1,svm,0.706,0.227,0.5,0.173,0.206,0.1,500.0
circles,100,0.1,svm,0.616,0.19,0.41,0.122,0.206,0.1,1000.0
circles,100,0.1,svm,0.531,0.016,0.44,0.092,0.091,1.0,0.0001
circles,100,0.1,svm,0.53,0.016,0.39,0.137,0.14,1.0,0.001
circles,100,0.1,svm,0.529,0.015,0.42,0.14,0.109,1.0,0.01
circles,100,0.1,svm,0.563,0.039,0.36,0.174,0.203,1.0,0.1
circles,100,0.1,svm,0.877,0.014,0.77,0.119,0.107,1.0,1.0
circles,100,0.1,svm,0.884,0.019,0.84,0.128,0.044,1.0,2.0
circles,100,0.1,svm,0.889,0.016,0.78,0.14,0.109,1.0,5.0
circles,100,0.1,svm,0.927,0.016,0.8,0.11,0.127,1.0,10.0
circles,100,0.1,svm,0.939,0.01,0.85,0.12,0.089,1.0,25.0
circles,100,0.1,svm,0.958,0.011,0.82,0.154,0.138,1.0,50.0
circles,100,0.1,svm,0.962,0.005,0.75,0.143,0.212,1.0,100.0
circles,100,0.1,svm,0.973,0.007,0.65,0.175,0.323,1.0,250.0
circles,100,0.1,svm,0.981,0.005,0.52,0.16,0.461,1.0,500.0
circles,100,0.1,svm,0.989,0.007,0.44,0.12,0.549,1.0,1000.0
circles,100,0.1,svm,0.52,0.01,0.4,0.126,0.12,10.0,0.0001
circles,100,0.1,svm,0.534,0.018,0.39,0.13,0.144,10.0,0.001
circles,100,0.1,svm,0.528,0.032,0.41,0.137,0.118,10.0,0.01
circles,100,0.1,svm,0.828,0.021,0.78,0.117,0.048,10.0,0.1
circles,100,0.1,svm,0.897,0.019,0.81,0.07,0.087,10.0,1.0
circles,100,0.1,svm,0.927,0.017,0.82,0.075,0.107,10.0,2.0
circles,100,0.1,svm,0.939,0.009,0.82,0.098,0.119,10.0,5.0
circles,100,0.1,svm,0.952,0.009,0.85,0.12,0.102,10.0,10.0
circles,100,0.1,svm,0.959,0.012,0.82,0.117,0.139,10.0,25.0
circles,100,0.1,svm,0.973,0.009,0.79,0.13,0.183,10.0,50.0
circles,100,0.1,svm,0.981,0.005,0.77,0.127,0.211,10.0,100.0
circles,100,0.1,svm,0.984,0.005,0.63,0.149,0.354,10.0,250.0
circles,100,0.1,svm,0.992,0.005,0.56,0.092,0.432,10.0,500.0
circles,100,0.1,svm,1.0,0.0,0.4,0.173,0.6,10.0,1000.0
circles,1000,0.1,log_reg,0.52,0.02,0.508,0.057,0.012,0.001,0.0
circles,1000,0.1,log_reg,0.548,0.018,0.525,0.055,0.023,0.01,0.0
circles,1000,0.1,log_reg,0.538,0.006,0.525,0.027,0.013,0.1,0.0
circles,1000,0.1,log_reg,0.537,0.009,0.535,0.057,0.002,1.0,0.0
circles,1000,0.1,log_reg,0.541,0.01,0.527,0.059,0.014,10.0,0.0
circles,1000,0.1,log_reg,0.538,0.008,0.532,0.048,0.006,100.0,0.0
circles,1000,0.1,log_reg,0.54,0.007,0.528,0.035,0.012,1000.0,0.0
circles,1000,0.1,svm,0.509,0.005,0.509,0.043,0.0,0.1,0.0001
circles,1000,0.1,svm,0.512,0.006,0.511,0.039,0.001,0.1,0.001
circles,1000,0.1,svm,0.51,0.005,0.485,0.056,0.025,0.1,0.01
circles,1000,0.1,svm,0.547,0.027,0.526,0.064,0.021,0.1,0.1
circles,1000,0.1,svm,0.846,0.006,0.834,0.042,0.012,0.1,1.0
circles,1000,0.1,svm,0.845,0.007,0.836,0.043,0.009,0.1,2.0
circles,1000,0.1,svm,0.851,0.006,0.836,0.042,0.015,0.1,5.0
circles,1000,0.1,svm,0.855,0.005,0.842,0.036,0.013,0.1,10.0
circles,1000,0.1,svm,0.861,0.005,0.847,0.025,0.014,0.1,25.0
circles,1000,0.1,svm,0.865,0.003,0.845,0.015,0.02,0.1,50.0
circles,1000,0.1,svm,0.868,0.006,0.832,0.03,0.036,0.1,100.0
circles,1000,0.1,svm,0.593,0.019,0.552,0.026,0.041,0.1,250.0
circles,1000,0.1,svm,0.515,0.003,0.49,0.038,0.025,0.1,500.0
circles,1000,0.1,svm,0.509,0.004,0.509,0.04,0.0,0.1,1000.0
circles,1000,0.1,svm,0.51,0.006,0.483,0.063,0.027,1.0,0.0001
circles,1000,0.1,svm,0.51,0.006,0.483,0.06,0.027,1.0,0.001
circles,1000,0.1,svm,0.54,0.028,0.507,0.033,0.033,1.0,0.01
circles,1000,0.1,svm,0.819,0.007,0.808,0.046,0.011,1.0,0.1
circles,1000,0.1,svm,0.856,0.005,0.85,0.034,0.006,1.0,1.0
circles,1000,0.1,svm,0.86,0.005,0.849,0.033,0.011,1.0,2.0
circles,1000,0.1,svm,0.862,0.006,0.853,0.03,0.009,1.0,5.0
circles,1000,0.1,svm,0.867,0.005,0.849,0.039,0.018,1.0,10.0
circles,1000,0.1,svm,0.871,0.005,0.848,0.029,0.023,1.0,25.0
circles,1000,0.1,svm,0.878,0.003,0.848,0.025,0.03,1.0,50.0
circles,1000,0.1,svm,0.886,0.005,0.84,0.023,0.046,1.0,100.0
circles,1000,0.1,svm,0.909,0.004,0.826,0.027,0.083,1.0,250.0
circles,1000,0.1,svm,0.945,0.005,0.805,0.047,0.14,1.0,500.0
circles,1000,0.1,svm,0.973,0.003,0.772,0.038,0.201,1.0,1000.0
circles,1000,0.1,svm,0.509,0.004,0.509,0.039,0.0,10.0,0.0001
circles,1000,0.1,svm,0.545,0.023,0.529,0.048,0.016,10.0,0.001
circles,1000,0.1,svm,0.563,0.007,0.558,0.049,0.005,10.0,0.01
circles,1000,0.1,svm,0.853,0.004,0.847,0.045,0.006,10.0,0.1
circles,1000,0.1,svm,0.861,0.005,0.86,0.032,0.001,10.0,1.0
circles,1000,0.1,svm,0.865,0.006,0.854,0.033,0.011,10.0,2.0
circles,1000,0.1,svm,0.865,0.004,0.856,0.035,0.009,10.0,5.0
circles,1000,0.1,svm,0.871,0.005,0.853,0.028,0.018,10.0,10.0
circles,1000,0.1,svm,0.879,0.004,0.841,0.05,0.038,10.0,25.0
circles,1000,0.1,svm,0.89,0.005,0.819,0.039,0.071,10.0,50.0
circles,1000,0.1,svm,0.913,0.003,0.809,0.028,0.104,10.0,100.0
circles,1000,0.1,svm,0.959,0.004,0.781,0.037,0.178,10.0,250.0
circles,1000,0.1,svm,0.984,0.002,0.795,0.042,0.189,10.0,500.0
circles,1000,0.1,svm,0.995,0.001,0.77,0.03,0.225,10.0,1000.0
circles,10000,0.1,log_reg,0.5,0.014,0.482,0.019,0.018,0.001,0.0
circles,10000,0.1,log_reg,0.513,0.014,0.494,0.022,0.019,0.01,0.0
circles,10000,0.1,log_reg,0.504,0.015,0.483,0.02,0.021,0.1,0.0
circles,10000,0.1,log_reg,0.5,0.013,0.481,0.02,0.019,1.0,0.0
circles,10000,0.1,log_reg,0.499,0.019,0.492,0.017,0.007,10.0,0.0
circles,10000,0.1,log_reg,0.507,0.024,0.488,0.03,0.019,100.0,0.0
circles,10000,0.1,log_reg,0.499,0.031,0.479,0.033,0.02,1000.0,0.0
circles,10000,0.1,svm,0.502,0.002,0.484,0.014,0.018,0.1,0.0001
circles,10000,0.1,svm,0.501,0.001,0.487,0.012,0.014,0.1,0.001
circles,10000,0.1,svm,0.501,0.001,0.49,0.006,0.011,0.1,0.01
circles,10000,0.1,svm,0.836,0.002,0.835,0.013,0.001,0.1,0.1
circles,10000,0.1,svm,0.842,0.002,0.842,0.013,0.0,0.1,1.0
circles,10000,0.1,svm,0.843,0.001,0.842,0.011,0.001,0.1,2.0
circles,10000,0.1,svm,0.843,0.001,0.843,0.008,0.0,0.1,5.0
circles,10000,0.1,svm,0.844,0.001,0.843,0.009,0.001,0.1,10.0
circles,10000,0.1,svm,0.844,0.002,0.842,0.011,0.002,0.1,25.0
circles,10000,0.1,svm,0.845,0.001,0.843,0.01,0.002,0.1,50.0
circles,10000,0.1,svm,0.846,0.002,0.841,0.01,0.005,0.1,100.0
circles,10000,0.1,svm,0.849,0.001,0.842,0.012,0.007,0.1,250.0
circles,10000,0.1,svm,0.852,0.001,0.84,0.011,0.012,0.1,500.0
circles,10000,0.1,svm,0.86,0.001,0.833,0.01,0.027,0.1,1000.0
circles,10000,0.1,svm,0.502,0.001,0.484,0.007,0.018,1.0,0.0001
circles,10000,0.1,svm,0.502,0.003,0.492,0.007,0.01,1.0,0.001
circles,10000,0.1,svm,0.534,0.047,0.521,0.051,0.013,1.0,0.01
circles,10000,0.1,svm,0.843,0.001,0.843,0.009,0.0,1.0,0.1
circles,10000,0.1,svm,0.843,0.002,0.842,0.018,0.001,1.0,1.0
circles,10000,0.1,svm,0.844,0.001,0.842,0.011,0.002,1.0,2.0
circles,10000,0.1,svm,0.845,0.001,0.844,0.009,0.001,1.0,5.0
circles,10000,0.1,svm,0.845,0.001,0.844,0.012,0.001,1.0,10.0
circles,10000,0.1,svm,0.846,0.002,0.841,0.015,0.005,1.0,25.0
circles,10000,0.1,svm,0.848,0.002,0.841,0.012,0.007,1.0,50.0
circles,10000,0.1,svm,0.849,0.002,0.841,0.011,0.008,1.0,100.0
circles,10000,0.1,svm,0.854,0.001,0.839,0.012,0.015,1.0,250.0
circles,10000,0.1,svm,0.861,0.002,0.837,0.016,0.024,1.0,500.0
circles,10000,0.1,svm,0.872,0.001,0.831,0.006,0.041,1.0,1000.0
circles,10000,0.1,svm,0.501,0.001,0.488,0.009,0.013,10.0,0.0001
circles,10000,0.1,svm,0.507,0.009,0.49,0.01,0.017,10.0,0.001
circles,10000,0.1,svm,0.836,0.001,0.836,0.01,0.0,10.0,0.01
circles,10000,0.1,svm,0.843,0.001,0.843,0.007,0.0,10.0,0.1
circles,10000,0.1,svm,0.843,0.001,0.842,0.01,0.001,10.0,1.0
circles,10000,0.1,svm,0.844,0.001,0.844,0.006,0.0,10.0,2.0
circles,10000,0.1,svm,0.845,0.001,0.843,0.009,0.002,10.0,5.0
circles,10000,0.1,svm,0.845,0.001,0.842,0.014,0.003,10.0,10.0
circles,10000,0.1,svm,0.846,0.002,0.842,0.015,0.004,10.0,25.0
circles,10000,0.1,svm,0.848,0.002,0.84,0.011,0.008,10.0,50.0
circles,10000,0.1,svm,0.851,0.001,0.838,0.012,0.013,10.0,100.0
circles,10000,0.1,svm,0.861,0.001,0.834,0.007,0.027,10.0,250.0
circles,10000,0.1,svm,0.875,0.002,0.826,0.015,0.049,10.0,500.0
circles,10000,0.1,svm,0.903,0.001,0.803,0.011,0.1,10.0,1000.0
circles,10,0.2,log_reg,0.556,0.0,0.0,0.0,0.556,0.001,0.0
circles,10,0.2,log_reg,0.556,0.0,0.0,0.0,0.556,0.01,0.0
circles,10,0.2,log_reg,0.589,0.051,0.0,0.0,0.589,0.1,0.0
circles,10,0.2,log_reg,0.833,0.056,0.6,0.49,0.233,1.0,0.0
circles,10,0.2,log_reg,0.878,0.078,0.7,0.458,0.178,10.0,0.0
circles,10,0.2,log_reg,0.844,0.102,0.7,0.458,0.144,100.0,0.0
circles,10,0.2,log_reg,0.911,0.067,0.7,0.458,0.211,1000.0,0.0
circles,10,0.2,svm,0.556,0.0,0.0,0.0,0.556,0.1,0.0001
circles,10,0.2,svm,0.556,0.0,0.0,0.0,0.556,0.1,0.001
circles,10,0.2,svm,0.556,0.0,0.0,0.0,0.556,0.1,0.01
circles,10,0.2,svm,0.556,0.0,0.0,0.0,0.556,0.1,0.1
circles,10,0.2,svm,0.556,0.0,0.0,0.0,0.556,0.1,1.0
circles,10,0.2,svm,0.556,0.0,0.0,0.0,0.556,0.1,2.0
circles,10,0.2,svm,0.556,0.0,0.0,0.0,0.556,0.1,5.0
circles,10,0.2,svm,0.556,0.0,0.0,0.0,0.556,0.1,10.0
circles,10,0.2,svm,0.556,0.0,0.0,0.0,0.556,0.1,25.0
circles,10,0.2,svm,0.556,0.0,0.0,0.0,0.556,0.1,50.0
circles,10,0.2,svm,0.556,0.0,0.0,0.0,0.556,0.1,100.0
circles,10,0.2,svm,0.556,0.0,0.0,0.0,0.556,0.1,250.0
circles,10,0.2,svm,0.556,0.0,0.0,0.0,0.556,0.1,500.0
circles,10,0.2,svm,0.556,0.0,0.0,0.0,0.556,0.1,1000.0
circles,10,0.2,svm,0.556,0.0,0.0,0.0,0.556,1.0,0.0001
circles,10,0.2,svm,0.556,0.0,0.0,0.0,0.556,1.0,0.001
circles,10,0.2,svm,0.556,0.0,0.0,0.0,0.556,1.0,0.01
circles,10,0.2,svm,0.589,0.051,0.0,0.0,0.589,1.0,0.1
circles,10,0.2,svm,0.956,0.054,0.7,0.458,0.256,1.0,1.0
circles,10,0.2,svm,1.0,0.0,0.8,0.4,0.2,1.0,2.0
circles,10,0.2,svm,1.0,0.0,0.7,0.458,0.3,1.0,5.0
circles,10,0.2,svm,1.0,0.0,0.7,0.458,0.3,1.0,10.0
circles,10,0.2,svm,1.0,0.0,0.8,0.4,0.2,1.0,25.0
circles,10,0.2,svm,1.0,0.0,0.8,0.4,0.2,1.0,50.0
circles,10,0.2,svm,1.0,0.0,0.8,0.4,0.2,1.0,100.0
circles,10,0.2,svm,1.0,0.0,0.7,0.458,0.3,1.0,250.0
circles,10,0.2,svm,1.0,0.0,0.2,0.4,0.8,1.0,500.0
circles,10,0.2,svm,1.0,0.0,0.0,0.0,1.0,1.0,1000.0
circles,10,0.2,svm,0.556,0.0,0.0,0.0,0.556,10.0,0.0001
circles,10,0.2,svm,0.556,0.0,0.0,0.0,0.556,10.0,0.001
circles,10,0.2,svm,0.611,0.075,0.0,0.0,0.611,10.0,0.01
circles,10,0.2,svm,0.833,0.075,0.7,0.458,0.133,10.0,0.1
circles,10,0.2,svm,0.933,0.054,0.7,0.458,0.233,10.0,1.0
circles,10,0.2,svm,1.0,0.0,0.6,0.49,0.4,10.0,2.0
circles,10,0.2,svm,1.0,0.0,0.6,0.49,0.4,10.0,5.0
circles,10,0.2,svm,1.0,0.0,0.7,0.458,0.3,10.0,10.0
circles,10,0.2,svm,1.0,0.0,0.7,0.458,0.3,10.0,25.0
circles,10,0.2,svm,1.0,0.0,0.8,0.4,0.2,10.0,50.0
circles,10,0.2,svm,1.0,0.0,0.8,0.4,0.2,10.0,100.0
circles,10,0.2,svm,1.0,0.0,0.8,0.4,0.2,10.0,250.0
circles,10,0.2,svm,1.0,0.0,0.2,0.4,0.8,10.0,500.0
circles,10,0.2,svm,1.0,0.0,0.2,0.4,0.8,10.0,1000.0
circles,50,0.2,log_reg,0.58,0.021,0.58,0.189,0.0,0.001,0.0
circles,50,0.2,log_reg,0.58,0.021,0.58,0.189,0.0,0.01,0.0
circles,50,0.2,log_reg,0.58,0.029,0.58,0.26,0.0,0.1,0.0
circles,50,0.2,log_reg,0.593,0.024,0.54,0.22,0.053,1.0,0.0
circles,50,0.2,log_reg,0.591,0.027,0.48,0.133,0.111,10.0,0.0
circles,50,0.2,log_reg,0.613,0.039,0.48,0.183,0.133,100.0,0.0
circles,50,0.2,log_reg,0.613,0.037,0.5,0.224,0.113,1000.0,0.0
circles,50,0.2,svm,0.58,0.021,0.58,0.189,0.0,0.1,0.0001
circles,50,0.2,svm,0.58,0.021,0.58,0.189,0.0,0.1,0.001
circles,50,0.2,svm,0.58,0.018,0.58,0.166,0.0,0.1,0.01
circles,50,0.2,svm,0.58,0.027,0.58,0.244,0.0,0.1,0.1
circles,50,0.2,svm,0.58,0.016,0.58,0.14,0.0,0.1,1.0
circles,50,0.2,svm,0.58,0.021,0.58,0.189,0.0,0.1,2.0
circles,50,0.2,svm,0.58,0.031,0.58,0.275,0.0,0.1,5.0
circles,50,0.2,svm,0.58,0.021,0.58,0.189,0.0,0.1,10.0
circles,50,0.2,svm,0.58,0.021,0.58,0.189,0.0,0.1,25.0
circles,50,0.2,svm,0.58,0.016,0.58,0.14,0.0,0.1,50.0
circles,50,0.2,svm,0.58,0.025,0.58,0.227,0.0,0.1,100.0
circles,50,0.2,svm,0.58,0.025,0.58,0.227,0.0,0.1,250.0
circles,50,0.2,svm,0.58,0.023,0.58,0.209,0.0,0.1,500.0
circles,50,0.2,svm,0.58,0.021,0.58,0.189,0.0,0.1,1000.0
circles,50,0.2,svm,0.58,0.027,0.58,0.244,0.0,1.0,0.0001
circles,50,0.2,svm,0.58,0.023,0.58,0.209,0.0,1.0,0.001
circles,50,0.2,svm,0.58,0.021,0.58,0.189,0.0,1.0,0.01
circles,50,0.2,svm,0.58,0.023,0.58,0.209,0.0,1.0,0.1
circles,50,0.2,svm,0.676,0.032,0.58,0.227,0.096,1.0,1.0
circles,50,0.2,svm,0.676,0.039,0.54,0.18,0.136,1.0,2.0
circles,50,0.2,svm,0.802,0.023,0.54,0.254,0.262,1.0,5.0
circles,50,0.2,svm,0.873,0.017,0.46,0.22,0.413,1.0,10.0
circles,50,0.2,svm,0.956,0.01,0.44,0.12,0.516,1.0,25.0
circles,50,0.2,svm,0.962,0.01,0.42,0.14,0.542,1.0,50.0
circles,50,0.2,svm,0.976,0.016,0.54,0.18,0.436,1.0,100.0
circles,50,0.2,svm,0.982,0.009,0.54,0.128,0.442,1.0,250.0
circles,50,0.2,svm,0.982,0.009,0.54,0.254,0.442,1.0,500.0
circles,50,0.2,svm,0.982,0.009,0.56,0.215,0.422,1.0,1000.0
circles,50,0.2,svm,0.58,0.025,0.58,0.227,0.0,10.0,0.0001
circles,50,0.2,svm,0.58,0.018,0.58,0.166,0.0,10.0,0.001
circles,50,0.2,svm,0.58,0.034,0.58,0.303,0.0,10.0,0.01
circles,50,0.2,svm,0.638,0.043,0.54,0.254,0.098,10.0,0.1
circles,50,0.2,svm,0.769,0.04,0.56,0.265,0.209,10.0,1.0
circles,50,0.2,svm,0.842,0.035,0.56,0.265,0.282,10.0,2.0
circles,50,0.2,svm,0.893,0.022,0.46,0.18,0.433,10.0,5.0
circles,50,0.2,svm,0.964,0.015,0.42,0.189,0.544,10.0,10.0
circles,50,0.2,svm,0.967,0.011,0.42,0.209,0.547,10.0,25.0
circles,50,0.2,svm,0.984,0.01,0.36,0.174,0.624,10.0,50.0
circles,50,0.2,svm,0.991,0.011,0.44,0.12,0.551,10.0,100.0
circles,50,0.2,svm,1.0,0.0,0.44,0.15,0.56,10.0,250.0
circles,50,0.2,svm,1.0,0.0,0.54,0.22,0.46,10.0,500.0
circles,50,0.2,svm,1.0,0.0,0.54,0.156,0.46,10.0,1000.0
circles,100,0.2,log_reg,0.538,0.01,0.46,0.092,0.078,0.001,0.0
circles,100,0.2,log_reg,0.538,0.019,0.49,0.158,0.048,0.01,0.0
circles,100,0.2,log_reg,0.573,0.035,0.52,0.16,0.053,0.1,0.0
circles,100,0.2,log_reg,0.579,0.021,0.51,0.145,0.069,1.0,0.0
circles,100,0.2,log_reg,0.578,0.02,0.56,0.191,0.018,10.0,0.0
circles,100,0.2,log_reg,0.579,0.024,0.48,0.194,0.099,100.0,0.0
circles,100,0.2,log_reg,0.582,0.027,0.56,0.162,0.022,1000.0,0.0
circles,100,0.2,svm,0.53,0.015,0.53,0.135,0.0,0.1,0.0001
circles,100,0.2,svm,0.53,0.015,0.53,0.135,0.0,0.1,0.001
circles,100,0.2,svm,0.534,0.012,0.5,0.1,0.034,0.1,0.01
circles,100,0.2,svm,0.53,0.016,0.53,0.142,0.0,0.1,0.1
circles,100,0.2,svm,0.542,0.021,0.52,0.154,0.022,0.1,1.0
circles,100,0.2,svm,0.55,0.052,0.52,0.14,0.03,0.1,2.0
circles,100,0.2,svm,0.552,0.059,0.48,0.172,0.072,0.1,5.0
circles,100,0.2,svm,0.53,0.017,0.53,0.149,0.0,0.1,10.0
circles,100,0.2,svm,0.53,0.013,0.53,0.119,0.0,0.1,25.0
circles,100,0.2,svm,0.644,0.156,0.46,0.143,0.184,0.1,50.0
circles,100,0.2,svm,0.53,0.016,0.53,0.142,0.0,0.1,100.0
circles,100,0.2,svm,0.579,0.137,0.48,0.108,0.099,0.1,250.0
circles,100,0.2,svm,0.53,0.012,0.53,0.11,0.0,0.1,500.0
circles,100,0.2,svm,0.58,0.141,0.5,0.11,0.08,0.1,1000.0
circles,100,0.2,svm,0.532,0.018,0.45,0.186,0.082,1.0,0.0001
circles,100,0.2,svm,0.538,0.016,0.48,0.16,0.058,1.0,0.001
circles,100,0.2,svm,0.53,0.021,0.53,0.185,0.0,1.0,0.01
circles,100,0.2,svm,0.573,0.036,0.45,0.092,0.123,1.0,0.1
circles,100,0.2,svm,0.698,0.025,0.56,0.156,0.138,1.0,1.0
circles,100,0.2,svm,0.722,0.024,0.57,0.135,0.152,1.0,2.0
circles,100,0.2,svm,0.756,0.029,0.63,0.168,0.126,1.0,5.0
circles,100,0.2,svm,0.794,0.025,0.61,0.151,0.184,1.0,10.0
circles,100,0.2,svm,0.864,0.016,0.54,0.12,0.324,1.0,25.0
circles,100,0.2,svm,0.906,0.013,0.48,0.06,0.426,1.0,50.0
circles,100,0.2,svm,0.963,0.011,0.48,0.16,0.483,1.0,100.0
circles,100,0.2,svm,0.988,0.009,0.39,0.145,0.598,1.0,250.0
circles,100,0.2,svm,0.993,0.007,0.44,0.143,0.553,1.0,500.0
circles,100,0.2,svm,0.997,0.005,0.51,0.137,0.487,1.0,1000.0
circles,100,0.2,svm,0.538,0.024,0.48,0.189,0.058,10.0,0.0001
circles,100,0.2,svm,0.53,0.012,0.53,0.11,0.0,10.0,0.001
circles,100,0.2,svm,0.56,0.018,0.47,0.142,0.09,10.0,0.01
circles,100,0.2,svm,0.658,0.023,0.58,0.125,0.078,10.0,0.1
circles,100,0.2,svm,0.754,0.021,0.58,0.133,0.174,10.0,1.0
circles,100,0.2,svm,0.776,0.033,0.63,0.135,0.146,10.0,2.0
circles,100,0.2,svm,0.818,0.014,0.53,0.149,0.288,10.0,5.0
circles,100,0.2,svm,0.871,0.017,0.59,0.13,0.281,10.0,10.0
circles,100,0.2,svm,0.934,0.012,0.49,0.145,0.444,10.0,25.0
circles,100,0.2,svm,0.976,0.008,0.47,0.168,0.506,10.0,50.0
circles,100,0.2,svm,1.0,0.0,0.47,0.1,0.53,10.0,100.0
circles,100,0.2,svm,1.0,0.0,0.4,0.134,0.6,10.0,250.0
circles,100,0.2,svm,1.0,0.0,0.48,0.108,0.52,10.0,500.0
circles,100,0.2,svm,1.0,0.0,0.44,0.143,0.56,10.0,1000.0
circles,1000,0.2,log_reg,0.517,0.004,0.492,0.044,0.025,0.001,0.0
circles,1000,0.2,log_reg,0.49,0.017,0.482,0.048,0.008,0.01,0.0
circles,1000,0.2,log_reg,0.496,0.019,0.492,0.036,0.004,0.1,0.0
circles,1000,0.2,log_reg,0.501,0.014,0.469,0.034,0.032,1.0,0.0
circles,1000,0.2,log_reg,0.5,0.017,0.475,0.044,0.025,10.0,0.0
circles,1000,0.2,log_reg,0.504,0.011,0.489,0.042,0.015,100.0,0.0
circles,1000,0.2,log_reg,0.5,0.014,0.492,0.046,0.008,1000.0,0.0
circles,1000,0.2,svm,0.516,0.006,0.516,0.054,0.0,0.1,0.0001
circles,1000,0.2,svm,0.516,0.005,0.516,0.046,0.0,0.1,0.001
circles,1000,0.2,svm,0.516,0.006,0.516,0.051,0.0,0.1,0.01
circles,1000,0.2,svm,0.519,0.006,0.508,0.045,0.011,0.1,0.1
circles,1000,0.2,svm,0.703,0.006,0.69,0.033,0.013,0.1,1.0
circles,1000,0.2,svm,0.706,0.006,0.69,0.031,0.016,0.1,2.0
circles,1000,0.2,svm,0.71,0.007,0.689,0.073,0.021,0.1,5.0
circles,1000,0.2,svm,0.709,0.004,0.691,0.039,0.018,0.1,10.0
circles,1000,0.2,svm,0.707,0.007,0.671,0.033,0.036,0.1,25.0
circles,1000,0.2,svm,0.653,0.026,0.576,0.032,0.077,0.1,50.0
circles,1000,0.2,svm,0.536,0.013,0.519,0.064,0.017,0.1,100.0
circles,1000,0.2,svm,0.516,0.005,0.516,0.049,0.0,0.1,250.0
circles,1000,0.2,svm,0.516,0.006,0.516,0.051,0.0,0.1,500.0
circles,1000,0.2,svm,0.516,0.006,0.516,0.055,0.0,0.1,1000.0
circles,1000,0.2,svm,0.516,0.006,0.516,0.05,0.0,1.0,0.0001
circles,1000,0.2,svm,0.516,0.004,0.516,0.032,0.0,1.0,0.001
circles,1000,0.2,svm,0.516,0.004,0.516,0.037,0.0,1.0,0.01
circles,1000,0.2,svm,0.685,0.003,0.677,0.045,0.008,1.0,0.1
circles,1000,0.2,svm,0.711,0.005,0.696,0.046,0.015,1.0,1.0
circles,1000,0.2,svm,0.706,0.007,0.698,0.04,0.008,1.0,2.0
circles,1000,0.2,svm,0.713,0.007,0.692,0.039,0.021,1.0,5.0
circles,1000,0.2,svm,0.715,0.006,0.682,0.044,0.033,1.0,10.0
circles,1000,0.2,svm,0.728,0.004,0.676,0.028,0.052,1.0,25.0
circles,1000,0.2,svm,0.754,0.005,0.664,0.026,0.09,1.0,50.0
circles,1000,0.2,svm,0.795,0.005,0.644,0.03,0.151,1.0,100.0
circles,1000,0.2,svm,0.871,0.008,0.616,0.039,0.255,1.0,250.0
circles,1000,0.2,svm,0.918,0.004,0.62,0.03,0.298,1.0,500.0
circles,1000,0.2,svm,0.96,0.004,0.602,0.042,0.358,1.0,1000.0
circles,1000,0.2,svm,0.516,0.006,0.516,0.055,0.0,10.0,0.0001
circles,1000,0.2,svm,0.516,0.004,0.516,0.036,0.0,10.0,0.001
circles,1000,0.2,svm,0.533,0.017,0.483,0.035,0.05,10.0,0.01
circles,1000,0.2,svm,0.691,0.006,0.69,0.045,0.001,10.0,0.1
circles,1000,0.2,svm,0.705,0.005,0.698,0.039,0.007,10.0,1.0
circles,1000,0.2,svm,0.708,0.006,0.697,0.052,0.011,10.0,2.0
circles,1000,0.2,svm,0.716,0.008,0.676,0.056,0.04,10.0,5.0
circles,1000,0.2,svm,0.725,0.006,0.662,0.043,0.063,10.0,10.0
circles,1000,0.2,svm,0.757,0.005,0.64,0.034,0.117,10.0,25.0
circles,1000,0.2,svm,0.809,0.008,0.599,0.045,0.21,10.0,50.0
circles,1000,0.2,svm,0.874,0.003,0.62,0.027,0.254,10.0,100.0
circles,1000,0.2,svm,0.947,0.004,0.591,0.051,0.356,10.0,250.0
circles,1000,0.2,svm,0.979,0.001,0.591,0.049,0.388,10.0,500.0
circles,1000,0.2,svm,0.991,0.002,0.59,0.059,0.401,10.0,1000.0
circles,10000,0.2,log_reg,0.503,0.02,0.488,0.019,0.015,0.001,0.0
circles,10000,0.2,log_reg,0.491,0.016,0.469,0.019,0.022,0.01,0.0
circles,10000,0.2,log_reg,0.494,0.022,0.471,0.015,0.023,0.1,0.0
circles,10000,0.2,log_reg,0.504,0.022,0.483,0.031,0.021,1.0,0.0
circles,10000,0.2,log_reg,0.502,0.016,0.492,0.012,0.01,10.0,0.0
circles,10000,0.2,log_reg,0.503,0.009,0.49,0.014,0.013,100.0,0.0
circles,10000,0.2,log_reg,0.502,0.023,0.487,0.025,0.015,1000.0,0.0
circles,10000,0.2,svm,0.502,0.002,0.485,0.014,0.017,0.1,0.0001
circles,10000,0.2,svm,0.501,0.001,0.492,0.005,0.009,0.1,0.001
circles,10000,0.2,svm,0.502,0.001,0.483,0.01,0.019,0.1,0.01
circles,10000,0.2,svm,0.68,0.001,0.68,0.013,0.0,0.1,0.1
circles,10000,0.2,svm,0.69,0.001,0.688,0.01,0.002,0.1,1.0
circles,10000,0.2,svm,0.689,0.001,0.688,0.009,0.001,0.1,2.0
circles,10000,0.2,svm,0.689,0.002,0.688,0.012,0.001,0.1,5.0
circles,10000,0.2,svm,0.69,0.001,0.688,0.009,0.002,0.1,10.0
circles,10000,0.2,svm,0.692,0.001,0.688,0.013,0.004,0.1,25.0
circles,10000,0.2,svm,0.695,0.001,0.687,0.014,0.008,0.1,50.0
circles,10000,0.2,svm,0.697,0.001,0.686,0.007,0.011,0.1,100.0
circles,10000,0.2,svm,0.705,0.001,0.683,0.013,0.022,0.1,250.0
circles,10000,0.2,svm,0.719,0.006,0.673,0.014,0.046,0.1,500.0
circles,10000,0.2,svm,0.631,0.024,0.536,0.022,0.095,0.1,1000.0
circles,10000,0.2,svm,0.501,0.001,0.491,0.006,0.01,1.0,0.0001
circles,10000,0.2,svm,0.503,0.003,0.486,0.011,0.017,1.0,0.001
circles,10000,0.2,svm,0.526,0.024,0.512,0.026,0.014,1.0,0.01
circles,10000,0.2,svm,0.684,0.001,0.684,0.013,0.0,1.0,0.1
circles,10000,0.2,svm,0.691,0.002,0.69,0.02,0.001,1.0,1.0
circles,10000,0.2,svm,0.689,0.002,0.687,0.015,0.002,1.0,2.0
circles,10000,0.2,svm,0.69,0.002,0.685,0.018,0.005,1.0,5.0
circles,10000,0.2,svm,0.691,0.002,0.686,0.013,0.005,1.0,10.0
circles,10000,0.2,svm,0.694,0.003,0.687,0.019,0.007,1.0,25.0
circles,10000,0.2,svm,0.699,0.002,0.687,0.012,0.012,1.0,50.0
circles,10000,0.2,svm,0.708,0.002,0.683,0.013,0.025,1.0,100.0
circles,10000,0.2,svm,0.726,0.002,0.677,0.017,0.049,1.0,250.0
circles,10000,0.2,svm,0.753,0.002,0.66,0.012,0.093,1.0,500.0
circles,10000,0.2,svm,0.794,0.002,0.647,0.012,0.147,1.0,1000.0
circles,10000,0.2,svm,0.501,0.001,0.488,0.01,0.013,10.0,0.0001
circles,10000,0.2,svm,0.508,0.015,0.499,0.014,0.009,10.0,0.001
circles,10000,0.2,svm,0.68,0.001,0.68,0.011,0.0,10.0,0.01
circles,10000,0.2,svm,0.685,0.002,0.684,0.014,0.001,10.0,0.1
circles,10000,0.2,svm,0.686,0.002,0.684,0.014,0.002,10.0,1.0
circles,10000,0.2,svm,0.69,0.002,0.686,0.015,0.004,10.0,2.0
circles,10000,0.2,svm,0.691,0.002,0.685,0.013,0.006,10.0,5.0
circles,10000,0.2,svm,0.692,0.002,0.685,0.021,0.007,10.0,10.0
circles,10000,0.2,svm,0.698,0.002,0.685,0.012,0.013,10.0,25.0
circles,10000,0.2,svm,0.706,0.002,0.682,0.014,0.024,10.0,50.0
circles,10000,0.2,svm,0.72,0.002,0.675,0.017,0.045,10.0,100.0
circles,10000,0.2,svm,0.76,0.002,0.649,0.015,0.111,10.0,250.0
circles,10000,0.2,svm,0.811,0.001,0.623,0.013,0.188,10.0,500.0
circles,10000,0.2,svm,0.878,0.002,0.609,0.011,0.269,10.0,1000.0
circles,10,0.3,log_reg,0.6,0.054,0.6,0.49,0.0,0.001,0.0
circles,10,0.3,log_reg,0.6,0.054,0.6,0.49,0.0,0.01,0.0
circles,10,0.3,log_reg,0.6,0.054,0.6,0.49,0.0,0.1,0.0
circles,10,0.3,log_reg,0.667,0.05,0.4,0.49,0.267,1.0,0.0
circles,10,0.3,log_reg,0.678,0.092,0.5,0.5,0.178,10.0,0.0
circles,10,0.3,log_reg,0.744,0.071,0.5,0.5,0.244,100.0,0.0
circles,10,0.3,log_reg,0.744,0.112,0.5,0.5,0.244,1000.0,0.0
circles,10,0.3,svm,0.6,0.054,0.6,0.49,0.0,0.1,0.0001
circles,10,0.3,svm,0.6,0.054,0.6,0.49,0.0,0.1,0.001
circles,10,0.3,svm,0.6,0.054,0.6,0.49,0.0,0.1,0.01
circles,10,0.3,svm,0.6,0.054,0.6,0.49,0.0,0.1,0.1
circles,10,0.3,svm,0.6,0.054,0.6,0.49,0.0,0.1,1.0
circles,10,0.3,svm,0.6,0.054,0.6,0.49,0.0,0.1,2.0
circles,10,0.3,svm,0.6,0.054,0.6,0.49,0.0,0.1,5.0
circles,10,0.3,svm,0.6,0.054,0.6,0.49,0.0,0.1,10.0
circles,10,0.3,svm,0.6,0.054,0.6,0.49,0.0,0.1,25.0
circles,10,0.3,svm,0.6,0.054,0.6,0.49,0.0,0.1,50.0
circles,10,0.3,svm,0.6,0.054,0.6,0.49,0.0,0.1,100.0
circles,10,0.3,svm,0.6,0.054,0.6,0.49,0.0,0.1,250.0
circles,10,0.3,svm,0.6,0.054,0.6,0.49,0.0,0.1,500.0
circles,10,0.3,svm,0.6,0.054,0.6,0.49,0.0,0.1,1000.0
circles,10,0.3,svm,0.6,0.054,0.6,0.49,0.0,1.0,0.0001
circles,10,0.3,svm,0.6,0.054,0.6,0.49,0.0,1.0,0.001
circles,10,0.3,svm,0.6,0.054,0.6,0.49,0.0,1.0,0.01
circles,10,0.3,svm,0.6,0.054,0.6,0.49,0.0,1.0,0.1
circles,10,0.3,svm,0.689,0.083,0.2,0.4,0.489,1.0,1.0
circles,10,0.3,svm,0.744,0.071,0.2,0.4,0.544,1.0,2.0
circles,10,0.3,svm,0.856,0.071,0.4,0.49,0.456,1.0,5.0
circles,10,0.3,svm,0.9,0.06,0.4,0.49,0.5,1.0,10.0
circles,10,0.3,svm,0.911,0.044,0.4,0.49,0.511,1.0,25.0
circles,10,0.3,svm,0.911,0.044,0.5,0.5,0.411,1.0,50.0
circles,10,0.3,svm,0.967,0.051,0.5,0.5,0.467,1.0,100.0
circles,10,0.3,svm,1.0,0.0,0.5,0.5,0.5,1.0,250.0
circles,10,0.3,svm,1.0,0.0,0.6,0.49,0.4,1.0,500.0
circles,10,0.3,svm,1.0,0.0,0.6,0.49,0.4,1.0,1000.0
circles,10,0.3,svm,0.6,0.054,0.6,0.49,0.0,10.0,0.0001
circles,10,0.3,svm,0.6,0.054,0.6,0.49,0.0,10.0,0.001
circles,10,0.3,svm,0.6,0.054,0.6,0.49,0.0,10.0,0.01
circles,10,0.3,svm,0.7,0.087,0.2,0.4,0.5,10.0,0.1
circles,10,0.3,svm,0.833,0.075,0.2,0.4,0.633,10.0,1.0
circles,10,0.3,svm,0.911,0.044,0.5,0.5,0.411,10.0,2.0
circles,10,0.3,svm,0.911,0.044,0.5,0.5,0.411,10.0,5.0
circles,10,0.3,svm,0.922,0.051,0.5,0.5,0.422,10.0,10.0
circles,10,0.3,svm,1.0,0.0,0.5,0.5,0.5,10.0,25.0
circles,10,0.3,svm,1.0,0.0,0.5,0.5,0.5,10.0,50.0
circles,10,0.3,svm,1.0,0.0,0.5,0.5,0.5,10.0,100.0
circles,10,0.3,svm,1.0,0.0,0.5,0.5,0.5,10.0,250.0
circles,10,0.3,svm,1.0,0.0,0.5,0.5,0.5,10.0,500.0
circles,10,0.3,svm,1.0,0.0,0.6,0.49,0.4,10.0,1000.0
circles,50,0.3,log_reg,0.54,0.02,0.54,0.18,0.0,0.001,0.0
circles,50,0.3,log_reg,0.533,0.031,0.54,0.128,-0.007,0.01,0.0
circles,50,0.3,log_reg,0.556,0.036,0.38,0.189,0.176,0.1,0.0
circles,50,0.3,log_reg,0.549,0.033,0.48,0.24,0.069,1.0,0.0
circles,50,0.3,log_reg,0.56,0.037,0.44,0.15,0.12,10.0,0.0
circles,50,0.3,log_reg,0.562,0.032,0.46,0.128,0.102,100.0,0.0
circles,50,0.3,log_reg,0.569,0.05,0.5,0.272,0.069,1000.0,0.0
circles,50,0.3,svm,0.54,0.017,0.54,0.156,0.0,0.1,0.0001
circles,50,0.3,svm,0.54,0.014,0.54,0.128,0.0,0.1,0.001
circles,50,0.3,svm,0.542,0.028,0.44,0.28,0.102,0.1,0.01
circles,50,0.3,svm,0.54,0.014,0.54,0.128,0.0,0.1,0.1
circles,50,0.3,svm,0.54,0.022,0.54,0.201,0.0,0.1,1.0
circles,50,0.3,svm,0.54,0.02,0.54,0.18,0.0,0.1,2.0
circles,50,0.3,svm,0.542,0.027,0.44,0.265,0.102,0.1,5.0
circles,50,0.3,svm,0.54,0.02,0.54,0.18,0.0,0.1,10.0
circles,50,0.3,svm,0.542,0.023,0.44,0.233,0.102,0.1,25.0
circles,50,0.3,svm,0.542,0.023,0.44,0.233,0.102,0.1,50.0
circles,50,0.3,svm,0.54,0.022,0.54,0.201,0.0,0.1,100.0
circles,50,0.3,svm,0.542,0.025,0.44,0.25,0.102,0.1,250.0
circles,50,0.3,svm,0.54,0.014,0.54,0.128,0.0,0.1,500.0
circles,50,0.3,svm,0.54,0.017,0.54,0.156,0.0,0.1,1000.0
circles,50,0.3,svm,0.542,0.02,0.44,0.215,0.102,1.0,0.0001
circles,50,0.3,svm,0.54,0.024,0.54,0.22,0.0,1.0,0.001
circles,50,0.3,svm,0.542,0.025,0.44,0.25,0.102,1.0,0.01
circles,50,0.3,svm,0.589,0.045,0.36,0.12,0.229,1.0,0.1
circles,50,0.3,svm,0.778,0.026,0.58,0.14,0.198,1.0,1.0
circles,50,0.3,svm,0.811,0.032,0.54,0.18,0.271,1.0,2.0
circles,50,0.3,svm,0.833,0.029,0.48,0.271,0.353,1.0,5.0
circles,50,0.3,svm,0.896,0.02,0.58,0.166,0.316,1.0,10.0
circles,50,0.3,svm,0.969,0.015,0.54,0.269,0.429,1.0,25.0
circles,50,0.3,svm,0.998,0.007,0.42,0.244,0.578,1.0,50.0
circles,50,0.3,svm,1.0,0.0,0.4,0.322,0.6,1.0,100.0
circles,50,0.3,svm,1.0,0.0,0.6,0.2,0.4,1.0,250.0
circles,50,0.3,svm,1.0,0.0,0.56,0.196,0.44,1.0,500.0
circles,50,0.3,svm,1.0,0.0,0.34,0.201,0.66,1.0,1000.0
circles,50,0.3,svm,0.542,0.023,0.44,0.233,0.102,10.0,0.0001
circles,50,0.3,svm,0.54,0.026,0.54,0.237,0.0,10.0,0.001
circles,50,0.3,svm,0.573,0.013,0.48,0.183,0.093,10.0,0.01
circles,50,0.3,svm,0.66,0.044,0.46,0.156,0.2,10.0,0.1
circles,50,0.3,svm,0.791,0.035,0.54,0.22,0.251,10.0,1.0
circles,50,0.3,svm,0.831,0.02,0.62,0.14,0.211,10.0,2.0
circles,50,0.3,svm,0.924,0.02,0.54,0.22,0.384,10.0,5.0
circles,50,0.3,svm,0.987,0.015,0.5,0.184,0.487,10.0,10.0
circles,50,0.3,svm,1.0,0.0,0.44,0.233,0.56,10.0,25.0
circles,50,0.3,svm,1.0,0.0,0.56,0.174,0.44,10.0,50.0
circles,50,0.3,svm,1.0,0.0,0.5,0.205,0.5,10.0,100.0
circles,50,0.3,svm,1.0,0.0,0.56,0.12,0.44,10.0,250.0
circles,50,0.3,svm,1.0,0.0,0.5,0.134,0.5,10.0,500.0
circles,50,0.3,svm,1.0,0.0,0.44,0.233,0.56,10.0,1000.0
circles,100,0.3,log_reg,0.512,0.003,0.4,0.045,0.112,0.001,0.0
circles,100,0.3,log_reg,0.532,0.012,0.41,0.145,0.122,0.01,0.0
circles,100,0.3,log_reg,0.551,0.038,0.4,0.173,0.151,0.1,0.0
circles,100,0.3,log_reg,0.548,0.042,0.43,0.135,0.118,1.0,0.0
circles,100,0.3,log_reg,0.537,0.04,0.44,0.229,0.097,10.0,0.0
circles,100,0.3,log_reg,0.551,0.037,0.41,0.151,0.141,100.0,0.0
circles,100,0.3,log_reg,0.55,0.035,0.43,0.155,0.12,1000.0,0.0
circles,100,0.3,svm,0.518,0.01,0.4,0.11,0.118,0.1,0.0001
circles,100,0.3,svm,0.527,0.016,0.36,0.111,0.167,0.1,0.001
circles,100,0.3,svm,0.531,0.025,0.41,0.094,0.121,0.1,0.01
circles,100,0.3,svm,0.523,0.013,0.36,0.128,0.163,0.1,0.1
circles,100,0.3,svm,0.584,0.052,0.41,0.094,0.174,0.1,1.0
circles,100,0.3,svm,0.589,0.046,0.41,0.181,0.179,0.1,2.0
circles,100,0.3,svm,0.597,0.115,0.36,0.049,0.237,0.1,5.0
circles,100,0.3,svm,0.641,0.12,0.43,0.155,0.211,0.1,10.0
circles,100,0.3,svm,0.551,0.102,0.36,0.092,0.191,0.1,25.0
circles,100,0.3,svm,0.554,0.126,0.39,0.03,0.164,0.1,50.0
circles,100,0.3,svm,0.657,0.21,0.4,0.134,0.257,0.1,100.0
circles,100,0.3,svm,0.666,0.219,0.36,0.111,0.306,0.1,250.0
circles,100,0.3,svm,0.613,0.193,0.39,0.104,0.223,0.1,500.0
circles,100,0.3,svm,0.661,0.222,0.4,0.118,0.261,0.1,1000.0
circles,100,0.3,svm,0.546,0.033,0.39,0.151,0.156,1.0,0.0001
circles,100,0.3,svm,0.521,0.02,0.39,0.083,0.131,1.0,0.001
circles,100,0.3,svm,0.551,0.038,0.45,0.143,0.101,1.0,0.01
circles,100,0.3,svm,0.556,0.024,0.44,0.156,0.116,1.0,0.1
circles,100,0.3,svm,0.668,0.017,0.56,0.111,0.108,1.0,1.0
circles,100,0.3,svm,0.716,0.019,0.55,0.136,0.166,1.0,2.0
circles,100,0.3,svm,0.762,0.023,0.56,0.136,0.202,1.0,5.0
circles,100,0.3,svm,0.813,0.03,0.53,0.078,0.283,1.0,10.0
circles,100,0.3,svm,0.894,0.026,0.45,0.22,0.444,1.0,25.0
circles,100,0.3,svm,0.951,0.013,0.47,0.142,0.481,1.0,50.0
circles,100,0.3,svm,0.998,0.004,0.51,0.158,0.488,1.0,100.0
circles,100,0.3,svm,1.0,0.0,0.43,0.162,0.57,1.0,250.0
circles,100,0.3,svm,1.0,0.0,0.41,0.158,0.59,1.0,500.0
circles,100,0.3,svm,1.0,0.0,0.4,0.126,0.6,1.0,1000.0
circles,100,0.3,svm,0.519,0.007,0.39,0.145,0.129,10.0,0.0001
circles,100,0.3,svm,0.542,0.042,0.37,0.1,0.172,10.0,0.001
circles,100,0.3,svm,0.558,0.037,0.38,0.075,0.178,10.0,0.01
circles,100,0.3,svm,0.654,0.025,0.57,0.205,0.084,10.0,0.1
circles,100,0.3,svm,0.727,0.017,0.56,0.156,0.167,10.0,1.0
circles,100,0.3,svm,0.758,0.026,0.51,0.187,0.248,10.0,2.0
circles,100,0.3,svm,0.831,0.026,0.58,0.117,0.251,10.0,5.0
circles,100,0.3,svm,0.907,0.014,0.55,0.102,0.357,10.0,10.0
circles,100,0.3,svm,0.986,0.012,0.5,0.161,0.486,10.0,25.0
circles,100,0.3,svm,0.992,0.005,0.51,0.122,0.482,10.0,50.0
circles,100,0.3,svm,1.0,0.0,0.56,0.128,0.44,10.0,100.0
circles,100,0.3,svm,1.0,0.0,0.48,0.178,0.52,10.0,250.0
circles,100,0.3,svm,1.0,0.0,0.46,0.08,0.54,10.0,500.0
circles,100,0.3,svm,1.0,0.0,0.39,0.104,0.61,10.0,1000.0
circles,1000,0.3,log_reg,0.518,0.007,0.518,0.06,0.0,0.001,0.0
circles,1000,0.3,log_reg,0.546,0.012,0.525,0.067,0.021,0.01,0.0
circles,1000,0.3,log_reg,0.553,0.014,0.531,0.049,0.022,0.1,0.0
circles,1000,0.3,log_reg,0.547,0.011,0.538,0.062,0.009,1.0,0.0
circles,1000,0.3,log_reg,0.543,0.016,0.534,0.044,0.009,10.0,0.0
circles,1000,0.3,log_reg,0.547,0.014,0.53,0.066,0.017,100.0,0.0
circles,1000,0.3,log_reg,0.546,0.013,0.544,0.049,0.002,1000.0,0.0
circles,1000,0.3,svm,0.518,0.006,0.518,0.05,0.0,0.1,0.0001
circles,1000,0.3,svm,0.518,0.006,0.518,0.055,0.0,0.1,0.001
circles,1000,0.3,svm,0.518,0.004,0.518,0.039,0.0,0.1,0.01
circles,1000,0.3,svm,0.52,0.005,0.52,0.06,0.0,0.1,0.1
circles,1000,0.3,svm,0.636,0.008,0.615,0.059,0.021,0.1,1.0
circles,1000,0.3,svm,0.642,0.007,0.622,0.048,0.02,0.1,2.0
circles,1000,0.3,svm,0.644,0.004,0.621,0.033,0.023,0.1,5.0
circles,1000,0.3,svm,0.646,0.006,0.595,0.036,0.051,0.1,10.0
circles,1000,0.3,svm,0.596,0.027,0.532,0.06,0.064,0.1,25.0
circles,1000,0.3,svm,0.519,0.003,0.518,0.041,0.001,0.1,50.0
circles,1000,0.3,svm,0.518,0.004,0.518,0.035,0.0,0.1,100.0
circles,1000,0.3,svm,0.518,0.005,0.518,0.041,0.0,0.1,250.0
circles,1000,0.3,svm,0.518,0.005,0.518,0.046,0.0,0.1,500.0
circles,1000,0.3,svm,0.518,0.006,0.518,0.051,0.0,0.1,1000.0
circles,1000,0.3,svm,0.518,0.004,0.518,0.037,0.0,1.0,0.0001
circles,1000,0.3,svm,0.518,0.004,0.518,0.036,0.0,1.0,0.001
circles,1000,0.3,svm,0.518,0.005,0.518,0.043,0.0,1.0,0.01
circles,1000,0.3,svm,0.628,0.007,0.621,0.024,0.007,1.0,0.1
circles,1000,0.3,svm,0.635,0.011,0.617,0.056,0.018,1.0,1.0
circles,1000,0.3,svm,0.642,0.009,0.621,0.046,0.021,1.0,2.0
circles,1000,0.3,svm,0.645,0.006,0.613,0.034,0.032,1.0,5.0
circles,1000,0.3,svm,0.649,0.006,0.59,0.05,0.059,1.0,10.0
circles,1000,0.3,svm,0.682,0.005,0.583,0.049,0.099,1.0,25.0
circles,1000,0.3,svm,0.737,0.005,0.554,0.024,0.183,1.0,50.0
circles,1000,0.3,svm,0.813,0.005,0.551,0.043,0.262,1.0,100.0
circles,1000,0.3,svm,0.877,0.006,0.555,0.067,0.322,1.0,250.0
circles,1000,0.3,svm,0.934,0.003,0.535,0.035,0.399,1.0,500.0
circles,1000,0.3,svm,0.976,0.004,0.504,0.043,0.472,1.0,1000.0
circles,1000,0.3,svm,0.518,0.004,0.518,0.038,0.0,10.0,0.0001
circles,1000,0.3,svm,0.518,0.005,0.518,0.045,0.0,10.0,0.001
circles,1000,0.3,svm,0.558,0.017,0.542,0.041,0.016,10.0,0.01
circles,1000,0.3,svm,0.633,0.006,0.627,0.037,0.006,10.0,0.1
circles,1000,0.3,svm,0.638,0.007,0.612,0.047,0.026,10.0,1.0
circles,1000,0.3,svm,0.644,0.009,0.607,0.055,0.037,10.0,2.0
circles,1000,0.3,svm,0.647,0.006,0.603,0.044,0.044,10.0,5.0
circles,1000,0.3,svm,0.678,0.01,0.566,0.033,0.112,10.0,10.0
circles,1000,0.3,svm,0.759,0.008,0.542,0.053,0.217,10.0,25.0
circles,1000,0.3,svm,0.828,0.007,0.564,0.036,0.264,10.0,50.0
circles,1000,0.3,svm,0.891,0.005,0.542,0.05,0.349,10.0,100.0
circles,1000,0.3,svm,0.959,0.003,0.542,0.047,0.417,10.0,250.0
circles,1000,0.3,svm,0.991,0.002,0.525,0.054,0.466,10.0,500.0
circles,1000,0.3,svm,0.998,0.001,0.51,0.038,0.488,10.0,1000.0
circles,10000,0.3,log_reg,0.5,0.026,0.476,0.024,0.024,0.001,0.0
circles,10000,0.3,log_reg,0.5,0.012,0.487,0.014,0.013,0.01,0.0
circles,10000,0.3,log_reg,0.501,0.013,0.488,0.021,0.013,0.1,0.0
circles,10000,0.3,log_reg,0.503,0.016,0.491,0.027,0.012,1.0,0.0
circles,10000,0.3,log_reg,0.503,0.011,0.488,0.018,0.015,10.0,0.0
circles,10000,0.3,log_reg,0.5,0.017,0.488,0.021,0.012,100.0,0.0
circles,10000,0.3,log_reg,0.501,0.014,0.48,0.028,0.021,1000.0,0.0
circles,10000,0.3,svm,0.501,0.001,0.488,0.009,0.013,0.1,0.0001
circles,10000,0.3,svm,0.502,0.001,0.486,0.011,0.016,0.1,0.001
circles,10000,0.3,svm,0.502,0.001,0.486,0.008,0.016,0.1,0.01
circles,10000,0.3,svm,0.626,0.001,0.625,0.011,0.001,0.1,0.1
circles,10000,0.3,svm,0.635,0.002,0.634,0.017,0.001,0.1,1.0
circles,10000,0.3,svm,0.637,0.001,0.636,0.013,0.001,0.1,2.0
circles,10000,0.3,svm,0.638,0.003,0.634,0.022,0.004,0.1,5.0
circles,10000,0.3,svm,0.638,0.002,0.634,0.013,0.004,0.1,10.0
circles,10000,0.3,svm,0.639,0.003,0.632,0.015,0.007,0.1,25.0
circles,10000,0.3,svm,0.643,0.001,0.633,0.015,0.01,0.1,50.0
circles,10000,0.3,svm,0.647,0.002,0.632,0.012,0.015,0.1,100.0
circles,10000,0.3,svm,0.665,0.004,0.619,0.015,0.046,0.1,250.0
circles,10000,0.3,svm,0.649,0.027,0.545,0.015,0.104,0.1,500.0
circles,10000,0.3,svm,0.507,0.002,0.489,0.005,0.018,0.1,1000.0
circles,10000,0.3,svm,0.502,0.001,0.481,0.013,0.021,1.0,0.0001
circles,10000,0.3,svm,0.501,0.001,0.488,0.008,0.013,1.0,0.001
circles,10000,0.3,svm,0.551,0.017,0.544,0.03,0.007,1.0,0.01
circles,10000,0.3,svm,0.633,0.002,0.632,0.015,0.001,1.0,0.1
circles,10000,0.3,svm,0.638,0.002,0.635,0.015,0.003,1.0,1.0
circles,10000,0.3,svm,0.638,0.002,0.633,0.015,0.005,1.0,2.0
circles,10000,0.3,svm,0.638,0.002,0.635,0.014,0.003,1.0,5.0
circles,10000,0.3,svm,0.639,0.002,0.631,0.014,0.008,1.0,10.0
circles,10000,0.3,svm,0.643,0.001,0.634,0.014,0.009,1.0,25.0
circles,10000,0.3,svm,0.651,0.002,0.628,0.016,0.023,1.0,50.0
circles,10000,0.3,svm,0.665,0.001,0.615,0.013,0.05,1.0,100.0
circles,10000,0.3,svm,0.704,0.002,0.603,0.02,0.101,1.0,250.0
circles,10000,0.3,svm,0.749,0.002,0.597,0.015,0.152,1.0,500.0
circles,10000,0.3,svm,0.806,0.002,0.585,0.017,0.221,1.0,1000.0
circles,10000,0.3,svm,0.502,0.001,0.485,0.009,0.017,10.0,0.0001
circles,10000,0.3,svm,0.515,0.012,0.502,0.018,0.013,10.0,0.001
circles,10000,0.3,svm,0.622,0.001,0.621,0.016,0.001,10.0,0.01
circles,10000,0.3,svm,0.635,0.001,0.635,0.015,0.0,10.0,0.1
circles,10000,0.3,svm,0.637,0.001,0.635,0.008,0.002,10.0,1.0
circles,10000,0.3,svm,0.638,0.001,0.634,0.011,0.004,10.0,2.0
circles,10000,0.3,svm,0.638,0.002,0.633,0.017,0.005,10.0,5.0
circles,10000,0.3,svm,0.641,0.002,0.631,0.015,0.01,10.0,10.0
circles,10000,0.3,svm,0.649,0.001,0.627,0.007,0.022,10.0,25.0
circles,10000,0.3,svm,0.663,0.002,0.617,0.012,0.046,10.0,50.0
circles,10000,0.3,svm,0.696,0.002,0.596,0.015,0.1,10.0,100.0
circles,10000,0.3,svm,0.76,0.002,0.576,0.005,0.184,10.0,250.0
circles,10000,0.3,svm,0.829,0.002,0.573,0.011,0.256,10.0,500.0
circles,10000,0.3,svm,0.897,0.001,0.557,0.018,0.34,10.0,1000.0
circles,10,0.4,log_reg,0.7,0.051,0.7,0.458,0.0,0.001,0.0
circles,10,0.4,log_reg,0.7,0.051,0.7,0.458,0.0,0.01,0.0
circles,10,0.4,log_reg,0.7,0.051,0.7,0.458,0.0,0.1,0.0
circles,10,0.4,log_reg,0.722,0.056,0.7,0.458,0.022,1.0,0.0
circles,10,0.4,log_reg,0.889,0.05,0.8,0.4,0.089,10.0,0.0
circles,10,0.4,log_reg,0.889,0.05,0.7,0.458,0.189,100.0,0.0
circles,10,0.4,log_reg,0.889,0.05,0.7,0.458,0.189,1000.0,0.0
circles,10,0.4,svm,0.7,0.051,0.7,0.458,0.0,0.1,0.0001
circles,10,0.4,svm,0.7,0.051,0.7,0.458,0.0,0.1,0.001
circles,10,0.4,svm,0.7,0.051,0.7,0.458,0.0,0.1,0.01
circles,10,0.4,svm,0.7,0.051,0.7,0.458,0.0,0.1,0.1
circles,10,0.4,svm,0.7,0.051,0.7,0.458,0.0,0.1,1.0
circles,10,0.4,svm,0.7,0.051,0.7,0.458,0.0,0.1,2.0
circles,10,0.4,svm,0.7,0.051,0.7,0.458,0.0,0.1,5.0
circles,10,0.4,svm,0.7,0.051,0.7,0.458,0.0,0.1,10.0
circles,10,0.4,svm,0.7,0.051,0.7,0.458,0.0,0.1,25.0
circles,10,0.4,svm,0.7,0.051,0.7,0.458,0.0,0.1,50.0
circles,10,0.4,svm,0.7,0.051,0.7,0.458,0.0,0.1,100.0
circles,10,0.4,svm,0.7,0.051,0.7,0.458,0.0,0.1,250.0
circles,10,0.4,svm,0.7,0.051,0.7,0.458,0.0,0.1,500.0
circles,10,0.4,svm,0.7,0.051,0.7,0.458,0.0,0.1,1000.0
circles,10,0.4,svm,0.7,0.051,0.7,0.458,0.0,1.0,0.0001
circles,10,0.4,svm,0.7,0.051,0.7,0.458,0.0,1.0,0.001
circles,10,0.4,svm,0.7,0.051,0.7,0.458,0.0,1.0,0.01
circles,10,0.4,svm,0.7,0.051,0.7,0.458,0.0,1.0,0.1
circles,10,0.4,svm,0.9,0.06,0.7,0.458,0.2,1.0,1.0
circles,10,0.4,svm,0.911,0.044,0.7,0.458,0.211,1.0,2.0
circles,10,0.4,svm,0.922,0.051,0.6,0.49,0.322,1.0,5.0
circles,10,0.4,svm,0.911,0.044,0.6,0.49,0.311,1.0,10.0
circles,10,0.4,svm,1.0,0.0,0.7,0.458,0.3,1.0,25.0
circles,10,0.4,svm,1.0,0.0,0.7,0.458,0.3,1.0,50.0
circles,10,0.4,svm,1.0,0.0,0.7,0.458,0.3,1.0,100.0
circles,10,0.4,svm,1.0,0.0,0.7,0.458,0.3,1.0,250.0
circles,10,0.4,svm,1.0,0.0,0.7,0.458,0.3,1.0,500.0
circles,10,0.4,svm,1.0,0.0,0.7,0.458,0.3,1.0,1000.0
circles,10,0.4,svm,0.7,0.051,0.7,0.458,0.0,10.0,0.0001
circles,10,0.4,svm,0.7,0.051,0.7,0.458,0.0,10.0,0.001
circles,10,0.4,svm,0.7,0.051,0.7,0.458,0.0,10.0,0.01
circles,10,0.4,svm,0.889,0.05,0.6,0.49,0.289,10.0,0.1
circles,10,0.4,svm,0.911,0.044,0.8,0.4,0.111,10.0,1.0
circles,10,0.4,svm,1.0,0.0,0.7,0.458,0.3,10.0,2.0
circles,10,0.4,svm,1.0,0.0,0.7,0.458,0.3,10.0,5.0
circles,10,0.4,svm,1.0,0.0,0.6,0.49,0.4,10.0,10.0
circles,10,0.4,svm,1.0,0.0,0.6,0.49,0.4,10.0,25.0
circles,10,0.4,svm,1.0,0.0,0.7,0.458,0.3,10.0,50.0
circles,10,0.4,svm,1.0,0.0,0.7,0.458,0.3,10.0,100.0
circles,10,0.4,svm,1.0,0.0,0.7,0.458,0.3,10.0,250.0
circles,10,0.4,svm,1.0,0.0,0.7,0.458,0.3,10.0,500.0
circles,10,0.4,svm,1.0,0.0,0.7,0.458,0.3,10.0,1000.0
circles,50,0.4,log_reg,0.52,0.011,0.32,0.098,0.2,0.001,0.0
circles,50,0.4,log_reg,0.529,0.013,0.28,0.098,0.249,0.01,0.0
circles,50,0.4,log_reg,0.598,0.048,0.4,0.237,0.198,0.1,0.0
circles,50,0.4,log_reg,0.582,0.052,0.42,0.227,0.162,1.0,0.0
circles,50,0.4,log_reg,0.578,0.046,0.5,0.224,0.078,10.0,0.0
circles,50,0.4,log_reg,0.587,0.032,0.42,0.189,0.167,100.0,0.0
circles,50,0.4,log_reg,0.571,0.036,0.5,0.241,0.071,1000.0,0.0
circles,50,0.4,svm,0.522,0.011,0.3,0.1,0.222,0.1,0.0001
circles,50,0.4,svm,0.511,0.0,0.4,0.0,0.111,0.1,0.001
circles,50,0.4,svm,0.516,0.009,0.36,0.08,0.156,0.1,0.01
circles,50,0.4,svm,0.52,0.011,0.32,0.098,0.2,0.1,0.1
circles,50,0.4,svm,0.518,0.01,0.34,0.092,0.178,0.1,1.0
circles,50,0.4,svm,0.513,0.007,0.38,0.06,0.133,0.1,2.0
circles,50,0.4,svm,0.516,0.009,0.36,0.08,0.156,0.1,5.0
circles,50,0.4,svm,0.531,0.018,0.22,0.166,0.311,0.1,10.0
circles,50,0.4,svm,0.52,0.015,0.32,0.133,0.2,0.1,25.0
circles,50,0.4,svm,0.522,0.015,0.3,0.134,0.222,0.1,50.0
circles,50,0.4,svm,0.522,0.015,0.3,0.134,0.222,0.1,100.0
circles,50,0.4,svm,0.518,0.014,0.34,0.128,0.178,0.1,250.0
circles,50,0.4,svm,0.52,0.011,0.32,0.098,0.2,0.1,500.0
circles,50,0.4,svm,0.529,0.013,0.24,0.12,0.289,0.1,1000.0
circles,50,0.4,svm,0.518,0.01,0.34,0.092,0.178,1.0,0.0001
circles,50,0.4,svm,0.513,0.007,0.38,0.06,0.133,1.0,0.001
circles,50,0.4,svm,0.518,0.01,0.34,0.092,0.178,1.0,0.01
circles,50,0.4,svm,0.593,0.054,0.36,0.233,0.233,1.0,0.1
circles,50,0.4,svm,0.711,0.038,0.48,0.183,0.231,1.0,1.0
circles,50,0.4,svm,0.758,0.025,0.52,0.24,0.238,1.0,2.0
circles,50,0.4,svm,0.782,0.024,0.58,0.189,0.202,1.0,5.0
circles,50,0.4,svm,0.851,0.014,0.48,0.183,0.371,1.0,10.0
circles,50,0.4,svm,0.953,0.025,0.38,0.108,0.573,1.0,25.0
circles,50,0.4,svm,0.982,0.009,0.36,0.196,0.622,1.0,50.0
circles,50,0.4,svm,0.998,0.007,0.36,0.174,0.638,1.0,100.0
circles,50,0.4,svm,1.0,0.0,0.34,0.156,0.66,1.0,250.0
circles,50,0.4,svm,1.0,0.0,0.24,0.15,0.76,1.0,500.0
circles,50,0.4,svm,1.0,0.0,0.34,0.092,0.66,1.0,1000.0
circles,50,0.4,svm,0.52,0.011,0.32,0.098,0.2,10.0,0.0001
circles,50,0.4,svm,0.518,0.01,0.34,0.092,0.178,10.0,0.001
circles,50,0.4,svm,0.6,0.042,0.5,0.161,0.1,10.0,0.01
circles,50,0.4,svm,0.649,0.04,0.48,0.24,0.169,10.0,0.1
circles,50,0.4,svm,0.756,0.022,0.48,0.183,0.276,10.0,1.0
circles,50,0.4,svm,0.769,0.035,0.46,0.18,0.309,10.0,2.0
circles,50,0.4,svm,0.902,0.032,0.52,0.204,0.382,10.0,5.0
circles,50,0.4,svm,0.969,0.015,0.36,0.265,0.609,10.0,10.0
circles,50,0.4,svm,0.987,0.011,0.38,0.26,0.607,10.0,25.0
circles,50,0.4,svm,1.0,0.0,0.36,0.215,0.64,10.0,50.0
circles,50,0.4,svm,1.0,0.0,0.34,0.201,0.66,10.0,100.0
circles,50,0.4,svm,1.0,0.0,0.32,0.133,0.68,10.0,250.0
circles,50,0.4,svm,1.0,0.0,0.3,0.161,0.7,10.0,500.0
circles,50,0.4,svm,1.0,0.0,0.28,0.098,0.72,10.0,1000.0
circles,100,0.4,log_reg,0.54,0.017,0.54,0.156,0.0,0.001,0.0
circles,100,0.4,log_reg,0.541,0.017,0.54,0.169,0.001,0.01,0.0
circles,100,0.4,log_reg,0.587,0.028,0.52,0.166,0.067,0.1,0.0
circles,100,0.4,log_reg,0.588,0.026,0.49,0.187,0.098,1.0,0.0
circles,100,0.4,log_reg,0.582,0.033,0.49,0.145,0.092,10.0,0.0
circles,100,0.4,log_reg,0.592,0.021,0.54,0.092,0.052,100.0,0.0
circles,100,0.4,log_reg,0.597,0.024,0.55,0.128,0.047,1000.0,0.0
circles,100,0.4,svm,0.54,0.01,0.54,0.092,0.0,0.1,0.0001
circles,100,0.4,svm,0.54,0.011,0.54,0.102,0.0,0.1,0.001
circles,100,0.4,svm,0.54,0.01,0.54,0.092,0.0,0.1,0.01
circles,100,0.4,svm,0.54,0.017,0.54,0.15,0.0,0.1,0.1
circles,100,0.4,svm,0.54,0.014,0.54,0.128,0.0,0.1,1.0
circles,100,0.4,svm,0.54,0.011,0.54,0.102,0.0,0.1,2.0
circles,100,0.4,svm,0.556,0.038,0.54,0.196,0.016,0.1,5.0
circles,100,0.4,svm,0.54,0.019,0.54,0.174,0.0,0.1,10.0
circles,100,0.4,svm,0.54,0.018,0.54,0.162,0.0,0.1,25.0
circles,100,0.4,svm,0.54,0.018,0.54,0.162,0.0,0.1,50.0
circles,100,0.4,svm,0.586,0.125,0.47,0.19,0.116,0.1,100.0
circles,100,0.4,svm,0.589,0.134,0.47,0.173,0.119,0.1,250.0
circles,100,0.4,svm,0.589,0.134,0.46,0.18,0.129,0.1,500.0
circles,100,0.4,svm,0.54,0.01,0.54,0.092,0.0,0.1,1000.0
circles,100,0.4,svm,0.54,0.013,0.54,0.12,0.0,1.0,0.0001
circles,100,0.4,svm,0.54,0.019,0.54,0.174,0.0,1.0,0.001
circles,100,0.4,svm,0.54,0.013,0.54,0.12,0.0,1.0,0.01
circles,100,0.4,svm,0.566,0.024,0.55,0.128,0.016,1.0,0.1
circles,100,0.4,svm,0.678,0.034,0.52,0.14,0.158,1.0,1.0
circles,100,0.4,svm,0.693,0.025,0.58,0.125,0.113,1.0,2.0
circles,100,0.4,svm,0.73,0.016,0.52,0.125,0.21,1.0,5.0
circles,100,0.4,svm,0.76,0.01,0.54,0.102,0.22,1.0,10.0
circles,100,0.4,svm,0.832,0.015,0.42,0.166,0.412,1.0,25.0
circles,100,0.4,svm,0.91,0.016,0.42,0.166,0.49,1.0,50.0
circles,100,0.4,svm,0.976,0.016,0.47,0.127,0.506,1.0,100.0
circles,100,0.4,svm,0.992,0.005,0.45,0.18,0.542,1.0,250.0
circles,100,0.4,svm,0.991,0.004,0.49,0.07,0.501,1.0,500.0
circles,100,0.4,svm,0.992,0.005,0.51,0.158,0.482,1.0,1000.0
circles,100,0.4,svm,0.54,0.014,0.54,0.128,0.0,10.0,0.0001
circles,100,0.4,svm,0.54,0.014,0.54,0.128,0.0,10.0,0.001
circles,100,0.4,svm,0.549,0.017,0.47,0.179,0.079,10.0,0.01
circles,100,0.4,svm,0.628,0.022,0.57,0.149,0.058,10.0,0.1
circles,100,0.4,svm,0.71,0.006,0.63,0.1,0.08,10.0,1.0
circles,100,0.4,svm,0.728,0.014,0.58,0.147,0.148,10.0,2.0
circles,100,0.4,svm,0.802,0.011,0.45,0.157,0.352,10.0,5.0
circles,100,0.4,svm,0.867,0.018,0.4,0.063,0.467,10.0,10.0
circles,100,0.4,svm,0.947,0.017,0.4,0.179,0.547,10.0,25.0
circles,100,0.4,svm,0.991,0.004,0.43,0.119,0.561,10.0,50.0
circles,100,0.4,svm,0.991,0.004,0.47,0.215,0.521,10.0,100.0
circles,100,0.4,svm,1.0,0.0,0.49,0.158,0.51,10.0,250.0
circles,100,0.4,svm,1.0,0.0,0.49,0.094,0.51,10.0,500.0
circles,100,0.4,svm,1.0,0.0,0.5,0.155,0.5,10.0,1000.0
circles,1000,0.4,log_reg,0.513,0.005,0.482,0.055,0.031,0.001,0.0
circles,1000,0.4,log_reg,0.524,0.015,0.5,0.037,0.024,0.01,0.0
circles,1000,0.4,log_reg,0.533,0.009,0.503,0.045,0.03,0.1,0.0
circles,1000,0.4,log_reg,0.534,0.007,0.517,0.048,0.017,1.0,0.0
circles,1000,0.4,log_reg,0.536,0.008,0.487,0.037,0.049,10.0,0.0
circles,1000,0.4,log_reg,0.531,0.012,0.514,0.038,0.017,100.0,0.0
circles,1000,0.4,log_reg,0.533,0.014,0.499,0.043,0.034,1000.0,0.0
circles,1000,0.4,svm,0.512,0.003,0.512,0.024,0.0,0.1,0.0001
circles,1000,0.4,svm,0.512,0.004,0.512,0.036,0.0,0.1,0.001
circles,1000,0.4,svm,0.512,0.005,0.512,0.046,0.0,0.1,0.01
circles,1000,0.4,svm,0.514,0.005,0.494,0.04,0.02,0.1,0.1
circles,1000,0.4,svm,0.589,0.006,0.569,0.03,0.02,0.1,1.0
circles,1000,0.4,svm,0.593,0.009,0.566,0.057,0.027,0.1,2.0
circles,1000,0.4,svm,0.596,0.006,0.544,0.053,0.052,0.1,5.0
circles,1000,0.4,svm,0.611,0.009,0.53,0.043,0.081,0.1,10.0
circles,1000,0.4,svm,0.555,0.043,0.511,0.037,0.044,0.1,25.0
circles,1000,0.4,svm,0.514,0.004,0.512,0.039,0.002,0.1,50.0
circles,1000,0.4,svm,0.512,0.006,0.512,0.051,0.0,0.1,100.0
circles,1000,0.4,svm,0.512,0.005,0.512,0.041,0.0,0.1,250.0
circles,1000,0.4,svm,0.512,0.005,0.512,0.042,0.0,0.1,500.0
circles,1000,0.4,svm,0.514,0.005,0.474,0.071,0.04,0.1,1000.0
circles,1000,0.4,svm,0.512,0.005,0.512,0.045,0.0,1.0,0.0001
circles,1000,0.4,svm,0.512,0.004,0.512,0.034,0.0,1.0,0.001
circles,1000,0.4,svm,0.513,0.006,0.48,0.066,0.033,1.0,0.01
circles,1000,0.4,svm,0.593,0.015,0.573,0.037,0.02,1.0,0.1
circles,1000,0.4,svm,0.598,0.012,0.557,0.048,0.041,1.0,1.0
circles,1000,0.4,svm,0.599,0.005,0.56,0.036,0.039,1.0,2.0
circles,1000,0.4,svm,0.616,0.007,0.555,0.04,0.061,1.0,5.0
circles,1000,0.4,svm,0.648,0.006,0.516,0.055,0.132,1.0,10.0
circles,1000,0.4,svm,0.711,0.007,0.524,0.045,0.187,1.0,25.0
circles,1000,0.4,svm,0.769,0.007,0.535,0.034,0.234,1.0,50.0
circles,1000,0.4,svm,0.823,0.005,0.565,0.034,0.258,1.0,100.0
circles,1000,0.4,svm,0.915,0.005,0.552,0.049,0.363,1.0,250.0
circles,1000,0.4,svm,0.962,0.004,0.502,0.038,0.46,1.0,500.0
circles,1000,0.4,svm,0.986,0.002,0.533,0.054,0.453,1.0,1000.0
circles,1000,0.4,svm,0.512,0.005,0.512,0.044,0.0,10.0,0.0001
circles,1000,0.4,svm,0.512,0.003,0.512,0.03,0.0,10.0,0.001
circles,1000,0.4,svm,0.527,0.015,0.502,0.035,0.025,10.0,0.01
circles,1000,0.4,svm,0.601,0.006,0.587,0.04,0.014,10.0,0.1
circles,1000,0.4,svm,0.597,0.008,0.549,0.057,0.048,10.0,1.0
circles,1000,0.4,svm,0.611,0.008,0.545,0.042,0.066,10.0,2.0
circles,1000,0.4,svm,0.646,0.011,0.533,0.064,0.113,10.0,5.0
circles,1000,0.4,svm,0.699,0.006,0.513,0.027,0.186,10.0,10.0
circles,1000,0.4,svm,0.777,0.007,0.522,0.035,0.255,10.0,25.0
circles,1000,0.4,svm,0.854,0.007,0.546,0.042,0.308,10.0,50.0
circles,1000,0.4,svm,0.922,0.006,0.543,0.024,0.379,10.0,100.0
circles,1000,0.4,svm,0.978,0.002,0.531,0.054,0.447,10.0,250.0
circles,1000,0.4,svm,0.992,0.002,0.523,0.049,0.469,10.0,500.0
circles,1000,0.4,svm,0.997,0.001,0.531,0.036,0.466,10.0,1000.0
circles,10000,0.4,log_reg,0.5,0.016,0.484,0.017,0.016,0.001,0.0
circles,10000,0.4,log_reg,0.505,0.02,0.484,0.017,0.021,0.01,0.0
circles,10000,0.4,log_reg,0.502,0.016,0.497,0.014,0.005,0.1,0.0
circles,10000,0.4,log_reg,0.5,0.016,0.49,0.012,0.01,1.0,0.0
circles,10000,0.4,log_reg,0.504,0.019,0.485,0.017,0.019,10.0,0.0
circles,10000,0.4,log_reg,0.502,0.016,0.497,0.018,0.005,100.0,0.0
circles,10000,0.4,log_reg,0.503,0.014,0.49,0.014,0.013,1000.0,0.0
circles,10000,0.4,svm,0.501,0.001,0.488,0.007,0.013,0.1,0.0001
circles,10000,0.4,svm,0.501,0.001,0.489,0.009,0.012,0.1,0.001
circles,10000,0.4,svm,0.501,0.0,0.49,0.004,0.011,0.1,0.01
circles,10000,0.4,svm,0.586,0.002,0.585,0.014,0.001,0.1,0.1
circles,10000,0.4,svm,0.592,0.001,0.589,0.012,0.003,0.1,1.0
circles,10000,0.4,svm,0.592,0.002,0.587,0.015,0.005,0.1,2.0
circles,10000,0.4,svm,0.593,0.002,0.586,0.014,0.007,0.1,5.0
circles,10000,0.4,svm,0.595,0.002,0.587,0.013,0.008,0.1,10.0
circles,10000,0.4,svm,0.6,0.001,0.587,0.011,0.013,0.1,25.0
circles,10000,0.4,svm,0.604,0.002,0.582,0.011,0.022,0.1,50.0
circles,10000,0.4,svm,0.613,0.003,0.579,0.016,0.034,0.1,100.0
circles,10000,0.4,svm,0.639,0.023,0.558,0.01,0.081,0.1,250.0
circles,10000,0.4,svm,0.581,0.058,0.504,0.016,0.077,0.1,500.0
circles,10000,0.4,svm,0.503,0.001,0.478,0.01,0.025,0.1,1000.0
circles,10000,0.4,svm,0.501,0.001,0.487,0.011,0.014,1.0,0.0001
circles,10000,0.4,svm,0.501,0.001,0.487,0.013,0.014,1.0,0.001
circles,10000,0.4,svm,0.535,0.019,0.524,0.024,0.011,1.0,0.01
circles,10000,0.4,svm,0.59,0.001,0.589,0.012,0.001,1.0,0.1
circles,10000,0.4,svm,0.592,0.001,0.588,0.011,0.004,1.0,1.0
circles,10000,0.4,svm,0.593,0.002,0.589,0.014,0.004,1.0,2.0
circles,10000,0.4,svm,0.594,0.002,0.585,0.015,0.009,1.0,5.0
circles,10000,0.4,svm,0.599,0.002,0.588,0.016,0.011,1.0,10.0
circles,10000,0.4,svm,0.611,0.002,0.581,0.016,0.03,1.0,25.0
circles,10000,0.4,svm,0.628,0.002,0.574,0.015,0.054,1.0,50.0
circles,10000,0.4,svm,0.652,0.001,0.565,0.012,0.087,1.0,100.0
circles,10000,0.4,svm,0.704,0.003,0.56,0.015,0.144,1.0,250.0
circles,10000,0.4,svm,0.757,0.003,0.547,0.026,0.21,1.0,500.0
circles,10000,0.4,svm,0.819,0.001,0.54,0.014,0.279,1.0,1000.0
circles,10000,0.4,svm,0.501,0.001,0.491,0.005,0.01,10.0,0.0001
circles,10000,0.4,svm,0.512,0.011,0.498,0.018,0.014,10.0,0.001
circles,10000,0.4,svm,0.582,0.003,0.58,0.019,0.002,10.0,0.01
circles,10000,0.4,svm,0.589,0.002,0.587,0.015,0.002,10.0,0.1
circles,10000,0.4,svm,0.593,0.002,0.589,0.012,0.004,10.0,1.0
circles,10000,0.4,svm,0.593,0.002,0.592,0.013,0.001,10.0,2.0
circles,10000,0.4,svm,0.597,0.003,0.586,0.016,0.011,10.0,5.0
circles,10000,0.4,svm,0.606,0.003,0.582,0.014,0.024,10.0,10.0
circles,10000,0.4,svm,0.627,0.001,0.568,0.014,0.059,10.0,25.0
circles,10000,0.4,svm,0.652,0.001,0.56,0.015,0.092,10.0,50.0
circles,10000,0.4,svm,0.693,0.003,0.549,0.018,0.144,10.0,100.0
circles,10000,0.4,svm,0.768,0.002,0.537,0.016,0.231,10.0,250.0
circles,10000,0.4,svm,0.839,0.002,0.527,0.01,0.312,10.0,500.0
circles,10000,0.4,svm,0.911,0.001,0.519,0.01,0.392,10.0,1000.0
circles,10,0.5,log_reg,0.6,0.054,0.6,0.49,0.0,0.001,0.0
circles,10,0.5,log_reg,0.6,0.054,0.6,0.49,0.0,0.01,0.0
circles,10,0.5,log_reg,0.6,0.054,0.6,0.49,0.0,0.1,0.0
circles,10,0.5,log_reg,0.611,0.124,0.3,0.458,0.311,1.0,0.0
circles,10,0.5,log_reg,0.644,0.147,0.2,0.4,0.444,10.0,0.0
circles,10,0.5,log_reg,0.644,0.147,0.2,0.4,0.444,100.0,0.0
circles,10,0.5,log_reg,0.644,0.147,0.2,0.4,0.444,1000.0,0.0
circles,10,0.5,svm,0.6,0.054,0.6,0.49,0.0,0.1,0.0001
circles,10,0.5,svm,0.6,0.054,0.6,0.49,0.0,0.1,0.001
circles,10,0.5,svm,0.6,0.054,0.6,0.49,0.0,0.1,0.01
circles,10,0.5,svm,0.6,0.054,0.6,0.49,0.0,0.1,0.1
circles,10,0.5,svm,0.6,0.054,0.6,0.49,0.0,0.1,1.0
circles,10,0.5,svm,0.6,0.054,0.6,0.49,0.0,0.1,2.0
circles,10,0.5,svm,0.6,0.054,0.6,0.49,0.0,0.1,5.0
circles,10,0.5,svm,0.6,0.054,0.6,0.49,0.0,0.1,10.0
circles,10,0.5,svm,0.6,0.054,0.6,0.49,0.0,0.1,25.0
circles,10,0.5,svm,0.6,0.054,0.6,0.49,0.0,0.1,50.0
circles,10,0.5,svm,0.6,0.054,0.6,0.49,0.0,0.1,100.0
circles,10,0.5,svm,0.6,0.054,0.6,0.49,0.0,0.1,250.0
circles,10,0.5,svm,0.6,0.054,0.6,0.49,0.0,0.1,500.0
circles,10,0.5,svm,0.6,0.054,0.6,0.49,0.0,0.1,1000.0
circles,10,0.5,svm,0.6,0.054,0.6,0.49,0.0,1.0,0.0001
circles,10,0.5,svm,0.6,0.054,0.6,0.49,0.0,1.0,0.001
circles,10,0.5,svm,0.6,0.054,0.6,0.49,0.0,1.0,0.01
circles,10,0.5,svm,0.6,0.054,0.6,0.49,0.0,1.0,0.1
circles,10,0.5,svm,0.922,0.087,0.4,0.49,0.522,1.0,1.0
circles,10,0.5,svm,1.0,0.0,0.4,0.49,0.6,1.0,2.0
circles,10,0.5,svm,1.0,0.0,0.4,0.49,0.6,1.0,5.0
circles,10,0.5,svm,1.0,0.0,0.6,0.49,0.4,1.0,10.0
circles,10,0.5,svm,1.0,0.0,0.6,0.49,0.4,1.0,25.0
circles,10,0.5,svm,1.0,0.0,0.6,0.49,0.4,1.0,50.0
circles,10,0.5,svm,1.0,0.0,0.6,0.49,0.4,1.0,100.0
circles,10,0.5,svm,1.0,0.0,0.6,0.49,0.4,1.0,250.0
circles,10,0.5,svm,1.0,0.0,0.6,0.49,0.4,1.0,500.0
circles,10,0.5,svm,1.0,0.0,0.6,0.49,0.4,1.0,1000.0
circles,10,0.5,svm,0.6,0.054,0.6,0.49,0.0,10.0,0.0001
circles,10,0.5,svm,0.6,0.054,0.6,0.49,0.0,10.0,0.001
circles,10,0.5,svm,0.6,0.054,0.6,0.49,0.0,10.0,0.01
circles,10,0.5,svm,0.844,0.074,0.2,0.4,0.644,10.0,0.1
circles,10,0.5,svm,1.0,0.0,0.4,0.49,0.6,10.0,1.0
circles,10,0.5,svm,1.0,0.0,0.4,0.49,0.6,10.0,2.0
circles,10,0.5,svm,1.0,0.0,0.4,0.49,0.6,10.0,5.0
circles,10,0.5,svm,1.0,0.0,0.6,0.49,0.4,10.0,10.0
circles,10,0.5,svm,1.0,0.0,0.6,0.49,0.4,10.0,25.0
circles,10,0.5,svm,1.0,0.0,0.6,0.49,0.4,10.0,50.0
circles,10,0.5,svm,1.0,0.0,0.6,0.49,0.4,10.0,100.0
circles,10,0.5,svm,1.0,0.0,0.6,0.49,0.4,10.0,250.0
circles,10,0.5,svm,1.0,0.0,0.6,0.49,0.4,10.0,500.0
circles,10,0.5,svm,1.0,0.0,0.6,0.49,0.4,10.0,1000.0
circles,50,0.5,log_reg,0.54,0.02,0.54,0.18,0.0,0.001,0.0
circles,50,0.5,log_reg,0.549,0.017,0.54,0.22,0.009,0.01,0.0
circles,50,0.5,log_reg,0.584,0.017,0.44,0.233,0.144,0.1,0.0
circles,50,0.5,log_reg,0.556,0.037,0.48,0.16,0.076,1.0,0.0
circles,50,0.5,log_reg,0.544,0.032,0.46,0.156,0.084,10.0,0.0
circles,50,0.5,log_reg,0.564,0.044,0.52,0.286,0.044,100.0,0.0
circles,50,0.5,log_reg,0.567,0.032,0.46,0.092,0.107,1000.0,0.0
circles,50,0.5,svm,0.54,0.022,0.54,0.201,0.0,0.1,0.0001
circles,50,0.5,svm,0.544,0.025,0.34,0.237,0.204,0.1,0.001
circles,50,0.5,svm,0.54,0.014,0.54,0.128,0.0,0.1,0.01
circles,50,0.5,svm,0.54,0.02,0.54,0.18,0.0,0.1,0.1
circles,50,0.5,svm,0.54,0.022,0.54,0.201,0.0,0.1,1.0
circles,50,0.5,svm,0.542,0.025,0.44,0.25,0.102,0.1,2.0
circles,50,0.5,svm,0.542,0.025,0.44,0.25,0.102,0.1,5.0
circles,50,0.5,svm,0.54,0.024,0.54,0.22,0.0,0.1,10.0
circles,50,0.5,svm,0.54,0.02,0.54,0.18,0.0,0.1,25.0
circles,50,0.5,svm,0.54,0.024,0.54,0.22,0.0,0.1,50.0
circles,50,0.5,svm,0.54,0.022,0.54,0.201,0.0,0.1,100.0
circles,50,0.5,svm,0.542,0.02,0.44,0.215,0.102,0.1,250.0
circles,50,0.5,svm,0.542,0.023,0.44,0.233,0.102,0.1,500.0
circles,50,0.5,svm,0.542,0.023,0.44,0.233,0.102,0.1,1000.0
circles,50,0.5,svm,0.54,0.017,0.54,0.156,0.0,1.0,0.0001
circles,50,0.5,svm,0.54,0.01,0.54,0.092,0.0,1.0,0.001
circles,50,0.5,svm,0.54,0.02,0.54,0.18,0.0,1.0,0.01
circles,50,0.5,svm,0.56,0.017,0.44,0.15,0.12,1.0,0.1
circles,50,0.5,svm,0.691,0.043,0.4,0.179,0.291,1.0,1.0
circles,50,0.5,svm,0.729,0.029,0.42,0.166,0.309,1.0,2.0
circles,50,0.5,svm,0.831,0.028,0.44,0.332,0.391,1.0,5.0
circles,50,0.5,svm,0.896,0.024,0.42,0.166,0.476,1.0,10.0
circles,50,0.5,svm,0.956,0.014,0.34,0.18,0.616,1.0,25.0
circles,50,0.5,svm,0.982,0.019,0.4,0.179,0.582,1.0,50.0
circles,50,0.5,svm,0.996,0.009,0.5,0.184,0.496,1.0,100.0
circles,50,0.5,svm,1.0,0.0,0.52,0.183,0.48,1.0,250.0
circles,50,0.5,svm,1.0,0.0,0.52,0.098,0.48,1.0,500.0
circles,50,0.5,svm,1.0,0.0,0.52,0.204,0.48,1.0,1000.0
circles,50,0.5,svm,0.542,0.023,0.44,0.233,0.102,10.0,0.0001
circles,50,0.5,svm,0.542,0.02,0.44,0.215,0.102,10.0,0.001
circles,50,0.5,svm,0.564,0.03,0.38,0.189,0.184,10.0,0.01
circles,50,0.5,svm,0.611,0.041,0.38,0.166,0.231,10.0,0.1
circles,50,0.5,svm,0.764,0.028,0.46,0.269,0.304,10.0,1.0
circles,50,0.5,svm,0.822,0.033,0.52,0.183,0.302,10.0,2.0
circles,50,0.5,svm,0.942,0.011,0.5,0.205,0.442,10.0,5.0
circles,50,0.5,svm,0.971,0.014,0.52,0.16,0.451,10.0,10.0
circles,50,0.5,svm,1.0,0.0,0.46,0.201,0.54,10.0,25.0
circles,50,0.5,svm,1.0,0.0,0.38,0.14,0.62,10.0,50.0
circles,50,0.5,svm,1.0,0.0,0.52,0.183,0.48,10.0,100.0
circles,50,0.5,svm,1.0,0.0,0.52,0.256,0.48,10.0,250.0
circles,50,0.5,svm,1.0,0.0,0.52,0.204,0.48,10.0,500.0
circles,50,0.5,svm,1.0,0.0,0.54,0.201,0.46,10.0,1000.0
circles,100,0.5,log_reg,0.53,0.014,0.49,0.07,0.04,0.001,0.0
circles,100,0.5,log_reg,0.527,0.036,0.39,0.181,0.137,0.01,0.0
circles,100,0.5,log_reg,0.531,0.014,0.4,0.11,0.131,0.1,0.0
circles,100,0.5,log_reg,0.529,0.021,0.47,0.168,0.059,1.0,0.0
circles,100,0.5,log_reg,0.533,0.022,0.37,0.142,0.163,10.0,0.0
circles,100,0.5,log_reg,0.536,0.038,0.44,0.15,0.096,100.0,0.0
circles,100,0.5,log_reg,0.527,0.017,0.46,0.143,0.067,1000.0,0.0
circles,100,0.5,svm,0.536,0.023,0.43,0.2,0.106,0.1,0.0001
circles,100,0.5,svm,0.533,0.026,0.36,0.15,0.173,0.1,0.001
circles,100,0.5,svm,0.522,0.009,0.5,0.077,0.022,0.1,0.01
circles,100,0.5,svm,0.523,0.012,0.49,0.104,0.033,0.1,0.1
circles,100,0.5,svm,0.524,0.013,0.4,0.141,0.124,0.1,1.0
circles,100,0.5,svm,0.522,0.009,0.46,0.111,0.062,0.1,2.0
circles,100,0.5,svm,0.52,0.012,0.52,0.108,0.0,0.1,5.0
circles,100,0.5,svm,0.561,0.11,0.42,0.154,0.141,0.1,10.0
circles,100,0.5,svm,0.566,0.13,0.49,0.104,0.076,0.1,25.0
circles,100,0.5,svm,0.568,0.13,0.44,0.102,0.128,0.1,50.0
circles,100,0.5,svm,0.573,0.139,0.45,0.191,0.123,0.1,100.0
circles,100,0.5,svm,0.622,0.189,0.45,0.18,0.172,0.1,250.0
circles,100,0.5,svm,0.524,0.015,0.4,0.155,0.124,0.1,500.0
circles,100,0.5,svm,0.62,0.19,0.48,0.117,0.14,0.1,1000.0
circles,100,0.5,svm,0.524,0.011,0.44,0.15,0.084,1.0,0.0001
circles,100,0.5,svm,0.529,0.016,0.43,0.11,0.099,1.0,0.001
circles,100,0.5,svm,0.532,0.018,0.41,0.13,0.122,1.0,0.01
circles,100,0.5,svm,0.537,0.015,0.37,0.127,0.167,1.0,0.1
circles,100,0.5,svm,0.616,0.028,0.39,0.13,0.226,1.0,1.0
circles,100,0.5,svm,0.66,0.025,0.4,0.126,0.26,1.0,2.0
circles,100,0.5,svm,0.827,0.027,0.51,0.083,0.317,1.0,5.0
circles,100,0.5,svm,0.883,0.013,0.58,0.098,0.303,1.0,10.0
circles,100,0.5,svm,0.949,0.012,0.59,0.114,0.359,1.0,25.0
circles,100,0.5,svm,0.98,0.008,0.56,0.128,0.42,1.0,50.0
circles,100,0.5,svm,0.992,0.005,0.57,0.119,0.422,1.0,100.0
circles,100,0.5,svm,1.0,0.0,0.55,0.15,0.45,1.0,250.0
circles,100,0.5,svm,1.0,0.0,0.49,0.164,0.51,1.0,500.0
circles,100,0.5,svm,1.0,0.0,0.47,0.195,0.53,1.0,1000.0
circles,100,0.5,svm,0.529,0.015,0.42,0.108,0.109,10.0,0.0001
circles,100,0.5,svm,0.532,0.01,0.48,0.108,0.052,10.0,0.001
circles,100,0.5,svm,0.526,0.022,0.47,0.1,0.056,10.0,0.01
circles,100,0.5,svm,0.544,0.02,0.34,0.102,0.204,10.0,0.1
circles,100,0.5,svm,0.673,0.032,0.3,0.089,0.373,10.0,1.0
circles,100,0.5,svm,0.803,0.034,0.49,0.17,0.313,10.0,2.0
circles,100,0.5,svm,0.891,0.014,0.56,0.092,0.331,10.0,5.0
circles,100,0.5,svm,0.953,0.007,0.54,0.136,0.413,10.0,10.0
circles,100,0.5,svm,0.983,0.007,0.54,0.136,0.443,10.0,25.0
circles,100,0.5,svm,0.991,0.004,0.55,0.128,0.441,10.0,50.0
circles,100,0.5,svm,1.0,0.0,0.62,0.183,0.38,10.0,100.0
circles,100,0.5,svm,1.0,0.0,0.46,0.136,0.54,10.0,250.0
circles,100,0.5,svm,1.0,0.0,0.57,0.119,0.43,10.0,500.0
circles,100,0.5,svm,1.0,0.0,0.48,0.14,0.52,10.0,1000.0
circles,1000,0.5,log_reg,0.518,0.014,0.471,0.047,0.047,0.001,0.0
circles,1000,0.5,log_reg,0.538,0.011,0.521,0.069,0.017,0.01,0.0
circles,1000,0.5,log_reg,0.535,0.012,0.528,0.04,0.007,0.1,0.0
circles,1000,0.5,log_reg,0.536,0.011,0.514,0.049,0.022,1.0,0.0
circles,1000,0.5,log_reg,0.536,0.011,0.52,0.048,0.016,10.0,0.0
circles,1000,0.5,log_reg,0.534,0.01,0.522,0.041,0.012,100.0,0.0
circles,1000,0.5,log_reg,0.535,0.008,0.527,0.052,0.008,1000.0,0.0
circles,1000,0.5,svm,0.506,0.005,0.492,0.047,0.014,0.1,0.0001
circles,1000,0.5,svm,0.509,0.007,0.503,0.027,0.006,0.1,0.001
circles,1000,0.5,svm,0.508,0.004,0.478,0.055,0.03,0.1,0.01
circles,1000,0.5,svm,0.536,0.011,0.507,0.045,0.029,0.1,0.1
circles,1000,0.5,svm,0.574,0.006,0.552,0.029,0.022,0.1,1.0
circles,1000,0.5,svm,0.58,0.008,0.547,0.05,0.033,0.1,2.0
circles,1000,0.5,svm,0.591,0.005,0.527,0.032,0.064,0.1,5.0
circles,1000,0.5,svm,0.595,0.024,0.503,0.029,0.092,0.1,10.0
circles,1000,0.5,svm,0.536,0.042,0.499,0.026,0.037,0.1,25.0
circles,1000,0.5,svm,0.509,0.002,0.486,0.038,0.023,0.1,50.0
circles,1000,0.5,svm,0.506,0.003,0.506,0.023,0.0,0.1,100.0
circles,1000,0.5,svm,0.547,0.116,0.469,0.045,0.078,0.1,250.0
circles,1000,0.5,svm,0.506,0.003,0.506,0.029,0.0,0.1,500.0
circles,1000,0.5,svm,0.55,0.129,0.497,0.033,0.053,0.1,1000.0
circles,1000,0.5,svm,0.508,0.006,0.504,0.036,0.004,1.0,0.0001
circles,1000,0.5,svm,0.509,0.007,0.485,0.041,0.024,1.0,0.001
circles,1000,0.5,svm,0.529,0.016,0.491,0.051,0.038,1.0,0.01
circles,1000,0.5,svm,0.566,0.006,0.554,0.033,0.012,1.0,0.1
circles,1000,0.5,svm,0.582,0.006,0.543,0.029,0.039,1.0,1.0
circles,1000,0.5,svm,0.592,0.004,0.538,0.037,0.054,1.0,2.0
circles,1000,0.5,svm,0.615,0.004,0.517,0.049,0.098,1.0,5.0
circles,1000,0.5,svm,0.655,0.008,0.503,0.064,0.152,1.0,10.0
circles,1000,0.5,svm,0.711,0.009,0.51,0.048,0.201,1.0,25.0
circles,1000,0.5,svm,0.773,0.006,0.513,0.064,0.26,1.0,50.0
circles,1000,0.5,svm,0.838,0.007,0.528,0.051,0.31,1.0,100.0
circles,1000,0.5,svm,0.921,0.002,0.511,0.047,0.41,1.0,250.0
circles,1000,0.5,svm,0.96,0.005,0.508,0.038,0.452,1.0,500.0
circles,1000,0.5,svm,0.983,0.001,0.48,0.035,0.503,1.0,1000.0
circles,1000,0.5,svm,0.506,0.004,0.492,0.036,0.014,10.0,0.0001
circles,1000,0.5,svm,0.531,0.012,0.509,0.037,0.022,10.0,0.001
circles,1000,0.5,svm,0.551,0.006,0.543,0.053,0.008,10.0,0.01
circles,1000,0.5,svm,0.575,0.005,0.545,0.042,0.03,10.0,0.1
circles,1000,0.5,svm,0.588,0.01,0.535,0.053,0.053,10.0,1.0
circles,1000,0.5,svm,0.609,0.006,0.51,0.04,0.099,10.0,2.0
circles,1000,0.5,svm,0.658,0.01,0.516,0.072,0.142,10.0,5.0
circles,1000,0.5,svm,0.698,0.007,0.513,0.036,0.185,10.0,10.0
circles,1000,0.5,svm,0.785,0.006,0.496,0.031,0.289,10.0,25.0
circles,1000,0.5,svm,0.857,0.006,0.516,0.022,0.341,10.0,50.0
circles,1000,0.5,svm,0.926,0.005,0.512,0.043,0.414,10.0,100.0
circles,1000,0.5,svm,0.975,0.002,0.506,0.045,0.469,10.0,250.0
circles,1000,0.5,svm,0.993,0.001,0.504,0.046,0.489,10.0,500.0
circles,1000,0.5,svm,0.997,0.001,0.476,0.063,0.521,10.0,1000.0
circles,10000,0.5,log_reg,0.51,0.012,0.481,0.021,0.029,0.001,0.0
circles,10000,0.5,log_reg,0.5,0.014,0.489,0.016,0.011,0.01,0.0
circles,10000,0.5,log_reg,0.504,0.014,0.494,0.019,0.01,0.1,0.0
circles,10000,0.5,log_reg,0.5,0.016,0.486,0.018,0.014,1.0,0.0
circles,10000,0.5,log_reg,0.506,0.017,0.487,0.022,0.019,10.0,0.0
circles,10000,0.5,log_reg,0.505,0.013,0.483,0.013,0.022,100.0,0.0
circles,10000,0.5,log_reg,0.503,0.015,0.494,0.02,0.009,1000.0,0.0
circles,10000,0.5,svm,0.501,0.001,0.49,0.009,0.011,0.1,0.0001
circles,10000,0.5,svm,0.501,0.001,0.488,0.011,0.013,0.1,0.001
circles,10000,0.5,svm,0.501,0.001,0.488,0.008,0.013,0.1,0.01
circles,10000,0.5,svm,0.565,0.002,0.563,0.017,0.002,0.1,0.1
circles,10000,0.5,svm,0.578,0.001,0.577,0.006,0.001,0.1,1.0
circles,10000,0.5,svm,0.581,0.001,0.576,0.006,0.005,0.1,2.0
circles,10000,0.5,svm,0.582,0.002,0.576,0.013,0.006,0.1,5.0
circles,10000,0.5,svm,0.584,0.002,0.576,0.016,0.008,0.1,10.0
circles,10000,0.5,svm,0.587,0.002,0.576,0.012,0.011,0.1,25.0
circles,10000,0.5,svm,0.593,0.002,0.572,0.013,0.021,0.1,50.0
circles,10000,0.5,svm,0.604,0.003,0.568,0.018,0.036,0.1,100.0
circles,10000,0.5,svm,0.615,0.036,0.515,0.016,0.1,0.1,250.0
circles,10000,0.5,svm,0.553,0.075,0.489,0.026,0.064,0.1,500.0
circles,10000,0.5,svm,0.502,0.001,0.486,0.01,0.016,0.1,1000.0
circles,10000,0.5,svm,0.501,0.001,0.489,0.006,0.012,1.0,0.0001
circles,10000,0.5,svm,0.501,0.001,0.49,0.009,0.011,1.0,0.001
circles,10000,0.5,svm,0.533,0.017,0.524,0.026,0.009,1.0,0.01
circles,10000,0.5,svm,0.57,0.002,0.567,0.012,0.003,1.0,0.1
circles,10000,0.5,svm,0.581,0.002,0.576,0.011,0.005,1.0,1.0
circles,10000,0.5,svm,0.583,0.002,0.578,0.018,0.005,1.0,2.0
circles,10000,0.5,svm,0.585,0.002,0.576,0.01,0.009,1.0,5.0
circles,10000,0.5,svm,0.589,0.001,0.574,0.009,0.015,1.0,10.0
circles,10000,0.5,svm,0.602,0.002,0.566,0.016,0.036,1.0,25.0
circles,10000,0.5,svm,0.624,0.002,0.553,0.01,0.071,1.0,50.0
circles,10000,0.5,svm,0.652,0.003,0.544,0.011,0.108,1.0,100.0
circles,10000,0.5,svm,0.711,0.003,0.544,0.016,0.167,1.0,250.0
circles,10000,0.5,svm,0.768,0.001,0.53,0.014,0.238,1.0,500.0
circles,10000,0.5,svm,0.83,0.002,0.52,0.02,0.31,1.0,1000.0
circles,10000,0.5,svm,0.502,0.002,0.49,0.014,0.012,10.0,0.0001
circles,10000,0.5,svm,0.505,0.006,0.484,0.011,0.021,10.0,0.001
circles,10000,0.5,svm,0.559,0.002,0.559,0.019,0.0,10.0,0.01
circles,10000,0.5,svm,0.577,0.002,0.576,0.022,0.001,10.0,0.1
circles,10000,0.5,svm,0.582,0.002,0.577,0.013,0.005,10.0,1.0
circles,10000,0.5,svm,0.583,0.002,0.578,0.015,0.005,10.0,2.0
circles,10000,0.5,svm,0.588,0.001,0.569,0.016,0.019,10.0,5.0
circles,10000,0.5,svm,0.598,0.001,0.566,0.012,0.032,10.0,10.0
circles,10000,0.5,svm,0.623,0.002,0.552,0.01,0.071,10.0,25.0
circles,10000,0.5,svm,0.654,0.002,0.532,0.009,0.122,10.0,50.0
circles,10000,0.5,svm,0.699,0.003,0.53,0.019,0.169,10.0,100.0
circles,10000,0.5,svm,0.784,0.002,0.518,0.016,0.266,10.0,250.0
circles,10000,0.5,svm,0.857,0.002,0.514,0.016,0.343,10.0,500.0
circles,10000,0.5,svm,0.926,0.001,0.506,0.012,0.42,10.0,1000.0
moons,10,0.0,log_reg,0.6,0.054,0.6,0.49,0.0,0.001,0.0
moons,10,0.0,log_reg,0.6,0.054,0.6,0.49,0.0,0.01,0.0
moons,10,0.0,log_reg,0.711,0.124,0.6,0.49,0.111,0.1,0.0
moons,10,0.0,log_reg,1.0,0.0,1.0,0.0,0.0,1.0,0.0
moons,10,0.0,log_reg,1.0,0.0,1.0,0.0,0.0,10.0,0.0
moons,10,0.0,log_reg,1.0,0.0,1.0,0.0,0.0,100.0,0.0
moons,10,0.0,log_reg,1.0,0.0,1.0,0.0,0.0,1000.0,0.0
moons,10,0.0,svm,0.6,0.054,0.6,0.49,0.0,0.1,0.0001
moons,10,0.0,svm,0.6,0.054,0.6,0.49,0.0,0.1,0.001
moons,10,0.0,svm,0.6,0.054,0.6,0.49,0.0,0.1,0.01
moons,10,0.0,svm,0.6,0.054,0.6,0.49,0.0,0.1,0.1
moons,10,0.0,svm,0.6,0.054,0.6,0.49,0.0,0.1,1.0
moons,10,0.0,svm,0.6,0.054,0.6,0.49,0.0,0.1,2.0
moons,10,0.0,svm,0.6,0.054,0.6,0.49,0.0,0.1,5.0
moons,10,0.0,svm,0.6,0.054,0.6,0.49,0.0,0.1,10.0
moons,10,0.0,svm,0.6,0.054,0.6,0.49,0.0,0.1,25.0
moons,10,0.0,svm,0.6,0.054,0.6,0.49,0.0,0.1,50.0
moons,10,0.0,svm,0.6,0.054,0.6,0.49,0.0,0.1,100.0
moons,10,0.0,svm,0.6,0.054,0.6,0.49,0.0,0.1,250.0
moons,10,0.0,svm,0.6,0.054,0.6,0.49,0.0,0.1,500.0
moons,10,0.0,svm,0.6,0.054,0.6,0.49,0.0,0.1,1000.0
moons,10,0.0,svm,0.6,0.054,0.6,0.49,0.0,1.0,0.0001
moons,10,0.0,svm,0.6,0.054,0.6,0.49,0.0,1.0,0.001
moons,10,0.0,svm,0.6,0.054,0.6,0.49,0.0,1.0,0.01
moons,10,0.0,svm,0.844,0.151,0.5,0.5,0.344,1.0,0.1
moons,10,0.0,svm,1.0,0.0,1.0,0.0,0.0,1.0,1.0
moons,10,0.0,svm,1.0,0.0,0.9,0.3,0.1,1.0,2.0
moons,10,0.0,svm,1.0,0.0,0.9,0.3,0.1,1.0,5.0
moons,10,0.0,svm,1.0,0.0,0.9,0.3,0.1,1.0,10.0
moons,10,0.0,svm,1.0,0.0,0.8,0.4,0.2,1.0,25.0
moons,10,0.0,svm,1.0,0.0,0.8,0.4,0.2,1.0,50.0
moons,10,0.0,svm,1.0,0.0,0.8,0.4,0.2,1.0,100.0
moons,10,0.0,svm,1.0,0.0,0.6,0.49,0.4,1.0,250.0
moons,10,0.0,svm,1.0,0.0,0.6,0.49,0.4,1.0,500.0
moons,10,0.0,svm,1.0,0.0,0.6,0.49,0.4,1.0,1000.0
moons,10,0.0,svm,0.6,0.054,0.6,0.49,0.0,10.0,0.0001
moons,10,0.0,svm,0.6,0.054,0.6,0.49,0.0,10.0,0.001
moons,10,0.0,svm,0.8,0.13,0.4,0.49,0.4,10.0,0.01
moons,10,0.0,svm,1.0,0.0,1.0,0.0,0.0,10.0,0.1
moons,10,0.0,svm,1.0,0.0,0.9,0.3,0.1,10.0,1.0
moons,10,0.0,svm,1.0,0.0,0.9,0.3,0.1,10.0,2.0
moons,10,0.0,svm,1.0,0.0,0.9,0.3,0.1,10.0,5.0
moons,10,0.0,svm,1.0,0.0,0.9,0.3,0.1,10.0,10.0
moons,10,0.0,svm,1.0,0.0,0.8,0.4,0.2,10.0,25.0
moons,10,0.0,svm,1.0,0.0,0.8,0.4,0.2,10.0,50.0
moons,10,0.0,svm,1.0,0.0,0.8,0.4,0.2,10.0,100.0
moons,10,0.0,svm,1.0,0.0,0.8,0.4,0.2,10.0,250.0
moons,10,0.0,svm,1.0,0.0,0.6,0.49,0.4,10.0,500.0
moons,10,0.0,svm,1.0,0.0,0.6,0.49,0.4,10.0,1000.0
moons,50,0.0,log_reg,0.527,0.02,0.42,0.227,0.107,0.001,0.0
moons,50,0.0,log_reg,0.713,0.12,0.56,0.344,0.153,0.01,0.0
moons,50,0.0,log_reg,0.753,0.035,0.66,0.269,0.093,0.1,0.0
moons,50,0.0,log_reg,0.831,0.018,0.82,0.108,0.011,1.0,0.0
moons,50,0.0,log_reg,0.862,0.019,0.82,0.244,0.042,10.0,0.0
moons,50,0.0,log_reg,0.862,0.019,0.86,0.156,0.002,100.0,0.0
moons,50,0.0,log_reg,0.858,0.018,0.82,0.189,0.038,1000.0,0.0
moons,50,0.0,svm,0.524,0.018,0.4,0.179,0.124,0.1,0.0001
moons,50,0.0,svm,0.527,0.024,0.34,0.22,0.187,0.1,0.001
moons,50,0.0,svm,0.527,0.022,0.34,0.201,0.187,0.1,0.01
moons,50,0.0,svm,0.527,0.02,0.42,0.227,0.107,0.1,0.1
moons,50,0.0,svm,0.869,0.04,0.82,0.189,0.049,0.1,1.0
moons,50,0.0,svm,0.944,0.029,0.92,0.098,0.024,0.1,2.0
moons,50,0.0,svm,0.887,0.088,0.84,0.196,0.047,0.1,5.0
moons,50,0.0,svm,0.767,0.02,0.76,0.196,0.007,0.1,10.0
moons,50,0.0,svm,0.54,0.026,0.3,0.184,0.24,0.1,25.0
moons,50,0.0,svm,0.522,0.02,0.46,0.201,0.062,0.1,50.0
moons,50,0.0,svm,0.529,0.013,0.36,0.174,0.169,0.1,100.0
moons,50,0.0,svm,0.529,0.022,0.36,0.233,0.169,0.1,250.0
moons,50,0.0,svm,0.524,0.018,0.4,0.179,0.124,0.1,500.0
moons,50,0.0,svm,0.529,0.017,0.36,0.196,0.169,0.1,1000.0
moons,50,0.0,svm,0.524,0.015,0.4,0.155,0.124,1.0,0.0001
moons,50,0.0,svm,0.527,0.017,0.34,0.156,0.187,1.0,0.001
moons,50,0.0,svm,0.587,0.093,0.36,0.233,0.227,1.0,0.01
moons,50,0.0,svm,0.811,0.027,0.78,0.189,0.031,1.0,0.1
moons,50,0.0,svm,0.998,0.007,0.98,0.06,0.018,1.0,1.0
moons,50,0.0,svm,1.0,0.0,1.0,0.0,0.0,1.0,2.0
moons,50,0.0,svm,1.0,0.0,1.0,0.0,0.0,1.0,5.0
moons,50,0.0,svm,1.0,0.0,1.0,0.0,0.0,1.0,10.0
moons,50,0.0,svm,1.0,0.0,1.0,0.0,0.0,1.0,25.0
moons,50,0.0,svm,1.0,0.0,0.98,0.06,0.02,1.0,50.0
moons,50,0.0,svm,1.0,0.0,0.94,0.092,0.06,1.0,100.0
moons,50,0.0,svm,1.0,0.0,0.9,0.134,0.1,1.0,250.0
moons,50,0.0,svm,1.0,0.0,0.92,0.133,0.08,1.0,500.0
moons,50,0.0,svm,1.0,0.0,0.76,0.15,0.24,1.0,1000.0
moons,50,0.0,svm,0.524,0.018,0.4,0.179,0.124,10.0,0.0001
moons,50,0.0,svm,0.618,0.105,0.48,0.183,0.138,10.0,0.001
moons,50,0.0,svm,0.793,0.02,0.8,0.155,-0.007,10.0,0.01
moons,50,0.0,svm,0.904,0.024,0.82,0.209,0.084,10.0,0.1
moons,50,0.0,svm,1.0,0.0,1.0,0.0,0.0,10.0,1.0
moons,50,0.0,svm,1.0,0.0,1.0,0.0,0.0,10.0,2.0
moons,50,0.0,svm,1.0,0.0,0.98,0.06,0.02,10.0,5.0
moons,50,0.0,svm,1.0,0.0,1.0,0.0,0.0,10.0,10.0
moons,50,0.0,svm,1.0,0.0,0.98,0.06,0.02,10.0,25.0
moons,50,0.0,svm,1.0,0.0,1.0,0.0,0.0,10.0,50.0
moons,50,0.0,svm,1.0,0.0,0.96,0.12,0.04,10.0,100.0
moons,50,0.0,svm,1.0,0.0,0.96,0.08,0.04,10.0,250.0
moons,50,0.0,svm,1.0,0.0,0.92,0.133,0.08,10.0,500.0
moons,50,0.0,svm,1.0,0.0,0.86,0.128,0.14,10.0,1000.0
moons,100,0.0,log_reg,0.55,0.022,0.55,0.196,0.0,0.001,0.0
moons,100,0.0,log_reg,0.778,0.049,0.77,0.155,0.008,0.01,0.0
moons,100,0.0,log_reg,0.83,0.011,0.81,0.104,0.02,0.1,0.0
moons,100,0.0,log_reg,0.871,0.012,0.88,0.087,-0.009,1.0,0.0
moons,100,0.0,log_reg,0.903,0.012,0.89,0.083,0.013,10.0,0.0
moons,100,0.0,log_reg,0.909,0.011,0.88,0.108,0.029,100.0,0.0
moons,100,0.0,log_reg,0.904,0.01,0.87,0.11,0.034,1000.0,0.0
moons,100,0.0,svm,0.55,0.019,0.55,0.169,0.0,0.1,0.0001
moons,100,0.0,svm,0.55,0.018,0.55,0.163,0.0,0.1,0.001
moons,100,0.0,svm,0.55,0.012,0.55,0.112,0.0,0.1,0.01
moons,100,0.0,svm,0.814,0.027,0.79,0.122,0.024,0.1,0.1
moons,100,0.0,svm,0.938,0.007,0.92,0.087,0.018,0.1,1.0
moons,100,0.0,svm,0.964,0.011,0.96,0.066,0.004,0.1,2.0
moons,100,0.0,svm,0.991,0.007,0.98,0.04,0.011,0.1,5.0
moons,100,0.0,svm,0.988,0.008,0.98,0.04,0.008,0.1,10.0
moons,100,0.0,svm,0.734,0.087,0.58,0.154,0.154,0.1,25.0
moons,100,0.0,svm,0.55,0.011,0.55,0.102,0.0,0.1,50.0
moons,100,0.0,svm,0.55,0.027,0.55,0.246,0.0,0.1,100.0
moons,100,0.0,svm,0.55,0.014,0.55,0.128,0.0,0.1,250.0
moons,100,0.0,svm,0.55,0.017,0.55,0.15,0.0,0.1,500.0
moons,100,0.0,svm,0.55,0.012,0.55,0.112,0.0,0.1,1000.0
moons,100,0.0,svm,0.55,0.015,0.55,0.136,0.0,1.0,0.0001
moons,100,0.0,svm,0.55,0.011,0.55,0.102,0.0,1.0,0.001
moons,100,0.0,svm,0.799,0.02,0.8,0.077,-0.001,1.0,0.01
moons,100,0.0,svm,0.863,0.014,0.86,0.092,0.003,1.0,0.1
moons,100,0.0,svm,1.0,0.0,1.0,0.0,0.0,1.0,1.0
moons,100,0.0,svm,1.0,0.0,1.0,0.0,0.0,1.0,2.0
moons,100,0.0,svm,1.0,0.0,1.0,0.0,0.0,1.0,5.0
moons,100,0.0,svm,1.0,0.0,1.0,0.0,0.0,1.0,10.0
moons,100,0.0,svm,1.0,0.0,1.0,0.0,0.0,1.0,25.0
moons,100,0.0,svm,1.0,0.0,1.0,0.0,0.0,1.0,50.0
moons,100,0.0,svm,1.0,0.0,0.99,0.03,0.01,1.0,100.0
moons,100,0.0,svm,1.0,0.0,0.98,0.04,0.02,1.0,250.0
moons,100,0.0,svm,1.0,0.0,0.95,0.05,0.05,1.0,500.0
moons,100,0.0,svm,1.0,0.0,0.84,0.15,0.16,1.0,1000.0
moons,100,0.0,svm,0.55,0.019,0.55,0.169,0.0,10.0,0.0001
moons,100,0.0,svm,0.801,0.015,0.78,0.14,0.021,10.0,0.001
moons,100,0.0,svm,0.853,0.015,0.86,0.12,-0.007,10.0,0.01
moons,100,0.0,svm,0.911,0.009,0.89,0.083,0.021,10.0,0.1
moons,100,0.0,svm,1.0,0.0,1.0,0.0,0.0,10.0,1.0
moons,100,0.0,svm,1.0,0.0,1.0,0.0,0.0,10.0,2.0
moons,100,0.0,svm,1.0,0.0,1.0,0.0,0.0,10.0,5.0
moons,100,0.0,svm,1.0,0.0,1.0,0.0,0.0,10.0,10.0
moons,100,0.0,svm,1.0,0.0,1.0,0.0,0.0,10.0,25.0
moons,100,0.0,svm,1.0,0.0,1.0,0.0,0.0,10.0,50.0
moons,100,0.0,svm,1.0,0.0,0.99,0.03,0.01,10.0,100.0
moons,100,0.0,svm,1.0,0.0,0.94,0.08,0.06,10.0,250.0
moons,100,0.0,svm,1.0,0.0,0.94,0.08,0.06,10.0,500.0
moons,100,0.0,svm,1.0,0.0,0.86,0.162,0.14,10.0,1000.0
moons,1000,0.0,log_reg,0.782,0.008,0.779,0.041,0.003,0.001,0.0
moons,1000,0.0,log_reg,0.813,0.005,0.814,0.037,-0.001,0.01,0.0
moons,1000,0.0,log_reg,0.862,0.003,0.862,0.038,0.0,0.1,0.0
moons,1000,0.0,log_reg,0.877,0.002,0.876,0.021,0.001,1.0,0.0
moons,1000,0.0,log_reg,0.881,0.004,0.88,0.034,0.001,10.0,0.0
moons,1000,0.0,log_reg,0.881,0.004,0.88,0.033,0.001,100.0,0.0
moons,1000,0.0,log_reg,0.881,0.003,0.881,0.03,0.0,1000.0,0.0
moons,1000,0.0,svm,0.532,0.082,0.515,0.083,0.017,0.1,0.0001
moons,1000,0.0,svm,0.505,0.003,0.47,0.028,0.035,0.1,0.001
moons,1000,0.0,svm,0.784,0.004,0.785,0.034,-0.001,0.1,0.01
moons,1000,0.0,svm,0.847,0.004,0.844,0.033,0.003,0.1,0.1
moons,1000,0.0,svm,1.0,0.0,1.0,0.0,0.0,0.1,1.0
moons,1000,0.0,svm,1.0,0.0,1.0,0.0,0.0,0.1,2.0
moons,1000,0.0,svm,1.0,0.0,1.0,0.0,0.0,0.1,5.0
moons,1000,0.0,svm,1.0,0.0,1.0,0.0,0.0,0.1,10.0
moons,1000,0.0,svm,1.0,0.0,1.0,0.0,0.0,0.1,25.0
moons,1000,0.0,svm,1.0,0.0,1.0,0.0,0.0,0.1,50.0
moons,1000,0.0,svm,1.0,0.0,1.0,0.0,0.0,0.1,100.0
moons,1000,0.0,svm,1.0,0.0,1.0,0.0,0.0,0.1,250.0
moons,1000,0.0,svm,1.0,0.0,1.0,0.0,0.0,0.1,500.0
moons,1000,0.0,svm,1.0,0.0,1.0,0.0,0.0,0.1,1000.0
moons,1000,0.0,svm,0.56,0.106,0.535,0.134,0.025,1.0,0.0001
moons,1000,0.0,svm,0.785,0.003,0.785,0.021,0.0,1.0,0.001
moons,1000,0.0,svm,0.851,0.003,0.849,0.031,0.002,1.0,0.01
moons,1000,0.0,svm,0.89,0.005,0.885,0.036,0.005,1.0,0.1
moons,1000,0.0,svm,1.0,0.0,1.0,0.0,0.0,1.0,1.0
moons,1000,0.0,svm,1.0,0.0,1.0,0.0,0.0,1.0,2.0
moons,1000,0.0,svm,1.0,0.0,1.0,0.0,0.0,1.0,5.0
moons,1000,0.0,svm,1.0,0.0,1.0,0.0,0.0,1.0,10.0
moons,1000,0.0,svm,1.0,0.0,1.0,0.0,0.0,1.0,25.0
moons,1000,0.0,svm,1.0,0.0,1.0,0.0,0.0,1.0,50.0
moons,1000,0.0,svm,1.0,0.0,1.0,0.0,0.0,1.0,100.0
moons,1000,0.0,svm,1.0,0.0,1.0,0.0,0.0,1.0,250.0
moons,1000,0.0,svm,1.0,0.0,1.0,0.0,0.0,1.0,500.0
moons,1000,0.0,svm,1.0,0.0,1.0,0.0,0.0,1.0,1000.0
moons,1000,0.0,svm,0.785,0.004,0.785,0.036,0.0,10.0,0.0001
moons,1000,0.0,svm,0.852,0.004,0.851,0.028,0.001,10.0,0.001
moons,1000,0.0,svm,0.869,0.003,0.872,0.029,-0.003,10.0,0.01
moons,1000,0.0,svm,1.0,0.0,1.0,0.0,0.0,10.0,0.1
moons,1000,0.0,svm,1.0,0.0,1.0,0.0,0.0,10.0,1.0
moons,1000,0.0,svm,1.0,0.0,1.0,0.0,0.0,10.0,2.0
moons,1000,0.0,svm,1.0,0.0,1.0,0.0,0.0,10.0,5.0
moons,1000,0.0,svm,1.0,0.0,1.0,0.0,0.0,10.0,10.0
moons,1000,0.0,svm,1.0,0.0,1.0,0.0,0.0,10.0,25.0
moons,1000,0.0,svm,1.0,0.0,1.0,0.0,0.0,10.0,50.0
moons,1000,0.0,svm,1.0,0.0,1.0,0.0,0.0,10.0,100.0
moons,1000,0.0,svm,1.0,0.0,1.0,0.0,0.0,10.0,250.0
moons,1000,0.0,svm,1.0,0.0,1.0,0.0,0.0,10.0,500.0
moons,1000,0.0,svm,1.0,0.0,1.0,0.0,0.0,10.0,1000.0
moons,10000,0.0,log_reg,0.825,0.001,0.825,0.015,0.0,0.001,0.0
moons,10000,0.0,log_reg,0.871,0.001,0.871,0.011,0.0,0.01,0.0
moons,10000,0.0,log_reg,0.89,0.001,0.89,0.011,0.0,0.1,0.0
moons,10000,0.0,log_reg,0.893,0.001,0.893,0.005,0.0,1.0,0.0
moons,10000,0.0,log_reg,0.894,0.001,0.894,0.008,0.0,10.0,0.0
moons,10000,0.0,log_reg,0.894,0.001,0.894,0.009,0.0,100.0,0.0
moons,10000,0.0,log_reg,0.894,0.001,0.894,0.009,0.0,1000.0,0.0
moons,10000,0.0,svm,0.53,0.087,0.517,0.083,0.013,0.1,0.0001
moons,10000,0.0,svm,0.804,0.002,0.804,0.014,0.0,0.1,0.001
moons,10000,0.0,svm,0.859,0.001,0.859,0.014,0.0,0.1,0.01
moons,10000,0.0,svm,0.898,0.001,0.898,0.006,0.0,0.1,0.1
moons,10000,0.0,svm,1.0,0.0,1.0,0.0,0.0,0.1,1.0
moons,10000,0.0,svm,1.0,0.0,1.0,0.0,0.0,0.1,2.0
moons,10000,0.0,svm,1.0,0.0,1.0,0.0,0.0,0.1,5.0
moons,10000,0.0,svm,1.0,0.0,1.0,0.0,0.0,0.1,10.0
moons,10000,0.0,svm,1.0,0.0,1.0,0.0,0.0,0.1,25.0
moons,10000,0.0,svm,1.0,0.0,1.0,0.0,0.0,0.1,50.0
moons,10000,0.0,svm,1.0,0.0,1.0,0.0,0.0,0.1,100.0
moons,10000,0.0,svm,1.0,0.0,1.0,0.0,0.0,0.1,250.0
moons,10000,0.0,svm,1.0,0.0,1.0,0.0,0.0,0.1,500.0
moons,10000,0.0,svm,1.0,0.0,1.0,0.0,0.0,0.1,1000.0
moons,10000,0.0,svm,0.804,0.001,0.803,0.013,0.001,1.0,0.0001
moons,10000,0.0,svm,0.86,0.001,0.86,0.006,0.0,1.0,0.001
moons,10000,0.0,svm,0.88,0.001,0.88,0.01,0.0,1.0,0.01
moons,10000,0.0,svm,1.0,0.0,1.0,0.0,0.0,1.0,0.1
moons,10000,0.0,svm,1.0,0.0,1.0,0.0,0.0,1.0,1.0
moons,10000,0.0,svm,1.0,0.0,1.0,0.0,0.0,1.0,2.0
moons,10000,0.0,svm,1.0,0.0,1.0,0.0,0.0,1.0,5.0
moons,10000,0.0,svm,1.0,0.0,1.0,0.0,0.0,1.0,10.0
moons,10000,0.0,svm,1.0,0.0,1.0,0.0,0.0,1.0,25.0
moons,10000,0.0,svm,1.0,0.0,1.0,0.0,0.0,1.0,50.0
moons,10000,0.0,svm,1.0,0.0,1.0,0.0,0.0,1.0,100.0
moons,10000,0.0,svm,1.0,0.0,1.0,0.0,0.0,1.0,250.0
moons,10000,0.0,svm,1.0,0.0,1.0,0.0,0.0,1.0,500.0
moons,10000,0.0,svm,1.0,0.0,1.0,0.0,0.0,1.0,1000.0
moons,10000,0.0,svm,0.86,0.001,0.86,0.01,0.0,10.0,0.0001
moons,10000,0.0,svm,0.88,0.001,0.88,0.013,0.0,10.0,0.001
moons,10000,0.0,svm,0.887,0.001,0.888,0.007,-0.001,10.0,0.01
moons,10000,0.0,svm,1.0,0.0,1.0,0.0,0.0,10.0,0.1
moons,10000,0.0,svm,1.0,0.0,1.0,0.0,0.0,10.0,1.0
moons,10000,0.0,svm,1.0,0.0,1.0,0.0,0.0,10.0,2.0
moons,10000,0.0,svm,1.0,0.0,1.0,0.0,0.0,10.0,5.0
moons,10000,0.0,svm,1.0,0.0,1.0,0.0,0.0,10.0,10.0
moons,10000,0.0,svm,1.0,0.0,1.0,0.0,0.0,10.0,25.0
moons,10000,0.0,svm,1.0,0.0,1.0,0.0,0.0,10.0,50.0
moons,10000,0.0,svm,1.0,0.0,1.0,0.0,0.0,10.0,100.0
moons,10000,0.0,svm,1.0,0.0,1.0,0.0,0.0,10.0,250.0
moons,10000,0.0,svm,1.0,0.0,1.0,0.0,0.0,10.0,500.0
moons,10000,0.0,svm,1.0,0.0,1.0,0.0,0.0,10.0,1000.0
moons,10,0.1,log_reg,0.6,0.054,0.6,0.49,0.0,0.001,0.0
moons,10,0.1,log_reg,0.6,0.054,0.6,0.49,0.0,0.01,0.0
moons,10,0.1,log_reg,0.767,0.092,0.6,0.49,0.167,0.1,0.0
moons,10,0.1,log_reg,0.9,0.033,0.9,0.3,0.0,1.0,0.0
moons,10,0.1,log_reg,0.989,0.033,0.9,0.3,0.089,10.0,0.0
moons,10,0.1,log_reg,1.0,0.0,0.7,0.458,0.3,100.0,0.0
moons,10,0.1,log_reg,1.0,0.0,0.7,0.458,0.3,1000.0,0.0
moons,10,0.1,svm,0.6,0.054,0.6,0.49,0.0,0.1,0.0001
moons,10,0.1,svm,0.6,0.054,0.6,0.49,0.0,0.1,0.001
moons,10,0.1,svm,0.6,0.054,0.6,0.49,0.0,0.1,0.01
moons,10,0.1,svm,0.6,0.054,0.6,0.49,0.0,0.1,0.1
moons,10,0.1,svm,0.6,0.054,0.6,0.49,0.0,0.1,1.0
moons,10,0.1,svm,0.6,0.054,0.6,0.49,0.0,0.1,2.0
moons,10,0.1,svm,0.6,0.054,0.6,0.49,0.0,0.1,5.0
moons,10,0.1,svm,0.6,0.054,0.6,0.49,0.0,0.1,10.0
moons,10,0.1,svm,0.6,0.054,0.6,0.49,0.0,0.1,25.0
moons,10,0.1,svm,0.6,0.054,0.6,0.49,0.0,0.1,50.0
moons,10,0.1,svm,0.6,0.054,0.6,0.49,0.0,0.1,100.0
moons,10,0.1,svm,0.6,0.054,0.6,0.49,0.0,0.1,250.0
moons,10,0.1,svm,0.6,0.054,0.6,0.49,0.0,0.1,500.0
moons,10,0.1,svm,0.6,0.054,0.6,0.49,0.0,0.1,1000.0
moons,10,0.1,svm,0.6,0.054,0.6,0.49,0.0,1.0,0.0001
moons,10,0.1,svm,0.6,0.054,0.6,0.49,0.0,1.0,0.001
moons,10,0.1,svm,0.6,0.054,0.6,0.49,0.0,1.0,0.01
moons,10,0.1,svm,0.878,0.06,0.9,0.3,-0.022,1.0,0.1
moons,10,0.1,svm,0.989,0.033,0.9,0.3,0.089,1.0,1.0
moons,10,0.1,svm,1.0,0.0,0.9,0.3,0.1,1.0,2.0
moons,10,0.1,svm,1.0,0.0,0.7,0.458,0.3,1.0,5.0
moons,10,0.1,svm,1.0,0.0,0.6,0.49,0.4,1.0,10.0
moons,10,0.1,svm,1.0,0.0,0.3,0.458,0.7,1.0,25.0
moons,10,0.1,svm,1.0,0.0,0.6,0.49,0.4,1.0,50.0
moons,10,0.1,svm,1.0,0.0,0.6,0.49,0.4,1.0,100.0
moons,10,0.1,svm,1.0,0.0,0.6,0.49,0.4,1.0,250.0
moons,10,0.1,svm,1.0,0.0,0.6,0.49,0.4,1.0,500.0
moons,10,0.1,svm,1.0,0.0,0.6,0.49,0.4,1.0,1000.0
moons,10,0.1,svm,0.6,0.054,0.6,0.49,0.0,10.0,0.0001
moons,10,0.1,svm,0.6,0.054,0.6,0.49,0.0,10.0,0.001
moons,10,0.1,svm,0.9,0.033,0.9,0.3,0.0,10.0,0.01
moons,10,0.1,svm,0.911,0.044,0.8,0.4,0.111,10.0,0.1
moons,10,0.1,svm,1.0,0.0,0.9,0.3,0.1,10.0,1.0
moons,10,0.1,svm,1.0,0.0,0.9,0.3,0.1,10.0,2.0
moons,10,0.1,svm,1.0,0.0,0.7,0.458,0.3,10.0,5.0
moons,10,0.1,svm,1.0,0.0,0.7,0.458,0.3,10.0,10.0
moons,10,0.1,svm,1.0,0.0,0.3,0.458,0.7,10.0,25.0
moons,10,0.1,svm,1.0,0.0,0.6,0.49,0.4,10.0,50.0
moons,10,0.1,svm,1.0,0.0,0.6,0.49,0.4,10.0,100.0
moons,10,0.1,svm,1.0,0.0,0.6,0.49,0.4,10.0,250.0
moons,10,0.1,svm,1.0,0.0,0.6,0.49,0.4,10.0,500.0
moons,10,0.1,svm,1.0,0.0,0.6,0.49,0.4,10.0,1000.0
moons,50,0.1,log_reg,0.6,0.02,0.6,0.179,0.0,0.001,0.0
moons,50,0.1,log_reg,0.6,0.02,0.6,0.179,0.0,0.01,0.0
moons,50,0.1,log_reg,0.818,0.026,0.78,0.244,0.038,0.1,0.0
moons,50,0.1,log_reg,0.856,0.015,0.86,0.18,-0.004,1.0,0.0
moons,50,0.1,log_reg,0.898,0.028,0.84,0.196,0.058,10.0,0.0
moons,50,0.1,log_reg,0.911,0.017,0.86,0.092,0.051,100.0,0.0
moons,50,0.1,log_reg,0.907,0.017,0.86,0.128,0.047,1000.0,0.0
moons,50,0.1,svm,0.6,0.02,0.6,0.179,0.0,0.1,0.0001
moons,50,0.1,svm,0.6,0.026,0.6,0.237,0.0,0.1,0.001
moons,50,0.1,svm,0.6,0.026,0.6,0.237,0.0,0.1,0.01
moons,50,0.1,svm,0.6,0.02,0.6,0.179,0.0,0.1,0.1
moons,50,0.1,svm,0.789,0.053,0.7,0.241,0.089,0.1,1.0
moons,50,0.1,svm,0.767,0.068,0.68,0.204,0.087,0.1,2.0
moons,50,0.1,svm,0.616,0.017,0.6,0.2,0.016,0.1,5.0
moons,50,0.1,svm,0.6,0.024,0.6,0.219,0.0,0.1,10.0
moons,50,0.1,svm,0.6,0.022,0.6,0.2,0.0,0.1,25.0
moons,50,0.1,svm,0.6,0.028,0.6,0.253,0.0,0.1,50.0
moons,50,0.1,svm,0.6,0.026,0.6,0.237,0.0,0.1,100.0
moons,50,0.1,svm,0.6,0.03,0.6,0.268,0.0,0.1,250.0
moons,50,0.1,svm,0.6,0.026,0.6,0.237,0.0,0.1,500.0
moons,50,0.1,svm,0.6,0.014,0.6,0.126,0.0,0.1,1000.0
moons,50,0.1,svm,0.6,0.024,0.6,0.219,0.0,1.0,0.0001
moons,50,0.1,svm,0.6,0.017,0.6,0.155,0.0,1.0,0.001
moons,50,0.1,svm,0.6,0.02,0.6,0.179,0.0,1.0,0.01
moons,50,0.1,svm,0.844,0.014,0.84,0.12,0.004,1.0,0.1
moons,50,0.1,svm,0.998,0.007,0.98,0.06,0.018,1.0,1.0
moons,50,0.1,svm,1.0,0.0,1.0,0.0,0.0,1.0,2.0
moons,50,0.1,svm,1.0,0.0,1.0,0.0,0.0,1.0,5.0
moons,50,0.1,svm,1.0,0.0,1.0,0.0,0.0,1.0,10.0
moons,50,0.1,svm,1.0,0.0,1.0,0.0,0.0,1.0,25.0
moons,50,0.1,svm,1.0,0.0,0.9,0.134,0.1,1.0,50.0
moons,50,0.1,svm,1.0,0.0,0.76,0.15,0.24,1.0,100.0
moons,50,0.1,svm,1.0,0.0,0.6,0.268,0.4,1.0,250.0
moons,50,0.1,svm,1.0,0.0,0.6,0.179,0.4,1.0,500.0
moons,50,0.1,svm,1.0,0.0,0.6,0.268,0.4,1.0,1000.0
moons,50,0.1,svm,0.6,0.02,0.6,0.179,0.0,10.0,0.0001
moons,50,0.1,svm,0.6,0.022,0.6,0.2,0.0,10.0,0.001
moons,50,0.1,svm,0.849,0.017,0.86,0.128,-0.011,10.0,0.01
moons,50,0.1,svm,0.918,0.01,0.88,0.133,0.038,10.0,0.1
moons,50,0.1,svm,1.0,0.0,1.0,0.0,0.0,10.0,1.0
moons,50,0.1,svm,1.0,0.0,1.0,0.0,0.0,10.0,2.0
moons,50,0.1,svm,1.0,0.0,0.98,0.06,0.02,10.0,5.0
moons,50,0.1,svm,1.0,0.0,1.0,0.0,0.0,10.0,10.0
moons,50,0.1,svm,1.0,0.0,1.0,0.0,0.0,10.0,25.0
moons,50,0.1,svm,1.0,0.0,0.9,0.134,0.1,10.0,50.0
moons,50,0.1,svm,1.0,0.0,0.76,0.196,0.24,10.0,100.0
moons,50,0.1,svm,1.0,0.0,0.6,0.179,0.4,10.0,250.0
moons,50,0.1,svm,1.0,0.0,0.6,0.219,0.4,10.0,500.0
moons,50,0.1,svm,1.0,0.0,0.6,0.126,0.4,10.0,1000.0
moons,100,0.1,log_reg,0.624,0.128,0.55,0.216,0.074,0.001,0.0
moons,100,0.1,log_reg,0.811,0.014,0.76,0.12,0.051,0.01,0.0
moons,100,0.1,log_reg,0.822,0.011,0.81,0.083,0.012,0.1,0.0
moons,100,0.1,log_reg,0.868,0.014,0.86,0.136,0.008,1.0,0.0
moons,100,0.1,log_reg,0.884,0.01,0.88,0.087,0.004,10.0,0.0
moons,100,0.1,log_reg,0.894,0.013,0.87,0.064,0.024,100.0,0.0
moons,100,0.1,log_reg,0.896,0.016,0.89,0.07,0.006,1000.0,0.0
moons,100,0.1,svm,0.571,0.101,0.48,0.218,0.091,0.1,0.0001
moons,100,0.1,svm,0.578,0.109,0.41,0.226,0.168,0.1,0.001
moons,100,0.1,svm,0.6,0.121,0.52,0.223,0.08,0.1,0.01
moons,100,0.1,svm,0.797,0.012,0.79,0.054,0.007,0.1,0.1
moons,100,0.1,svm,0.923,0.014,0.91,0.114,0.013,0.1,1.0
moons,100,0.1,svm,0.98,0.004,0.97,0.046,0.01,0.1,2.0
moons,100,0.1,svm,0.992,0.005,0.99,0.03,0.002,0.1,5.0
moons,100,0.1,svm,0.999,0.003,0.99,0.03,0.009,0.1,10.0
moons,100,0.1,svm,0.87,0.121,0.76,0.224,0.11,0.1,25.0
moons,100,0.1,svm,0.57,0.144,0.51,0.176,0.06,0.1,50.0
moons,100,0.1,svm,0.614,0.193,0.49,0.23,0.124,0.1,100.0
moons,100,0.1,svm,0.567,0.145,0.42,0.172,0.147,0.1,250.0
moons,100,0.1,svm,0.76,0.24,0.48,0.125,0.28,0.1,500.0
moons,100,0.1,svm,0.76,0.24,0.43,0.09,0.33,0.1,1000.0
moons,100,0.1,svm,0.571,0.107,0.48,0.214,0.091,1.0,0.0001
moons,100,0.1,svm,0.546,0.081,0.43,0.155,0.116,1.0,0.001
moons,100,0.1,svm,0.799,0.012,0.8,0.118,-0.001,1.0,0.01
moons,100,0.1,svm,0.866,0.016,0.85,0.12,0.016,1.0,0.1
moons,100,0.1,svm,0.996,0.005,0.99,0.03,0.006,1.0,1.0
moons,100,0.1,svm,1.0,0.0,1.0,0.0,0.0,1.0,2.0
moons,100,0.1,svm,1.0,0.0,1.0,0.0,0.0,1.0,5.0
moons,100,0.1,svm,1.0,0.0,1.0,0.0,0.0,1.0,10.0
moons,100,0.1,svm,1.0,0.0,1.0,0.0,0.0,1.0,25.0
moons,100,0.1,svm,1.0,0.0,1.0,0.0,0.0,1.0,50.0
moons,100,0.1,svm,1.0,0.0,0.99,0.03,0.01,1.0,100.0
moons,100,0.1,svm,1.0,0.0,0.91,0.122,0.09,1.0,250.0
moons,100,0.1,svm,1.0,0.0,0.72,0.183,0.28,1.0,500.0
moons,100,0.1,svm,1.0,0.0,0.6,0.179,0.4,1.0,1000.0
moons,100,0.1,svm,0.601,0.123,0.49,0.217,0.111,10.0,0.0001
moons,100,0.1,svm,0.802,0.013,0.8,0.077,0.002,10.0,0.001
moons,100,0.1,svm,0.867,0.012,0.87,0.09,-0.003,10.0,0.01
moons,100,0.1,svm,0.904,0.018,0.88,0.117,0.024,10.0,0.1
moons,100,0.1,svm,1.0,0.0,1.0,0.0,0.0,10.0,1.0
moons,100,0.1,svm,1.0,0.0,1.0,0.0,0.0,10.0,2.0
moons,100,0.1,svm,1.0,0.0,1.0,0.0,0.0,10.0,5.0
moons,100,0.1,svm,1.0,0.0,1.0,0.0,0.0,10.0,10.0
moons,100,0.1,svm,1.0,0.0,0.99,0.03,0.01,10.0,25.0
moons,100,0.1,svm,1.0,0.0,0.98,0.06,0.02,10.0,50.0
moons,100,0.1,svm,1.0,0.0,0.99,0.03,0.01,10.0,100.0
moons,100,0.1,svm,1.0,0.0,0.92,0.075,0.08,10.0,250.0
moons,100,0.1,svm,1.0,0.0,0.7,0.19,0.3,10.0,500.0
moons,100,0.1,svm,1.0,0.0,0.59,0.17,0.41,10.0,1000.0
moons,1000,0.1,log_reg,0.801,0.004,0.801,0.04,0.0,0.001,0.0
moons,1000,0.1,log_reg,0.828,0.003,0.829,0.021,-0.001,0.01,0.0
moons,1000,0.1,log_reg,0.875,0.003,0.874,0.024,0.001,0.1,0.0
moons,1000,0.1,log_reg,0.893,0.004,0.892,0.029,0.001,1.0,0.0
moons,1000,0.1,log_reg,0.899,0.003,0.897,0.031,0.002,10.0,0.0
moons,1000,0.1,log_reg,0.899,0.003,0.897,0.022,0.002,100.0,0.0
moons,1000,0.1,log_reg,0.899,0.005,0.897,0.037,0.002,1000.0,0.0
moons,1000,0.1,svm,0.564,0.117,0.532,0.134,0.032,0.1,0.0001
moons,1000,0.1,svm,0.536,0.09,0.486,0.083,0.05,0.1,0.001
moons,1000,0.1,svm,0.814,0.002,0.812,0.018,0.002,0.1,0.01
moons,1000,0.1,svm,0.861,0.005,0.86,0.023,0.001,0.1,0.1
moons,1000,0.1,svm,0.992,0.001,0.992,0.009,0.0,0.1,1.0
moons,1000,0.1,svm,0.997,0.001,0.996,0.005,0.001,0.1,2.0
moons,1000,0.1,svm,1.0,0.0,1.0,0.0,0.0,0.1,5.0
moons,1000,0.1,svm,1.0,0.0,1.0,0.0,0.0,0.1,10.0
moons,1000,0.1,svm,1.0,0.0,1.0,0.0,0.0,0.1,25.0
moons,1000,0.1,svm,1.0,0.0,1.0,0.0,0.0,0.1,50.0
moons,1000,0.1,svm,1.0,0.0,0.999,0.003,0.001,0.1,100.0
moons,1000,0.1,svm,0.987,0.012,0.965,0.027,0.022,0.1,250.0
moons,1000,0.1,svm,0.693,0.161,0.602,0.189,0.091,0.1,500.0
moons,1000,0.1,svm,0.604,0.198,0.56,0.19,0.044,0.1,1000.0
moons,1000,0.1,svm,0.566,0.119,0.516,0.119,0.05,1.0,0.0001
moons,1000,0.1,svm,0.814,0.004,0.814,0.039,0.0,1.0,0.001
moons,1000,0.1,svm,0.859,0.004,0.858,0.038,0.001,1.0,0.01
moons,1000,0.1,svm,0.907,0.004,0.904,0.029,0.003,1.0,0.1
moons,1000,0.1,svm,1.0,0.0,1.0,0.0,0.0,1.0,1.0
moons,1000,0.1,svm,1.0,0.0,1.0,0.0,0.0,1.0,2.0
moons,1000,0.1,svm,1.0,0.0,1.0,0.0,0.0,1.0,5.0
moons,1000,0.1,svm,1.0,0.0,1.0,0.0,0.0,1.0,10.0
moons,1000,0.1,svm,1.0,0.0,1.0,0.0,0.0,1.0,25.0
moons,1000,0.1,svm,1.0,0.0,1.0,0.0,0.0,1.0,50.0
moons,1000,0.1,svm,1.0,0.0,1.0,0.0,0.0,1.0,100.0
moons,1000,0.1,svm,1.0,0.0,0.997,0.006,0.003,1.0,250.0
moons,1000,0.1,svm,1.0,0.0,0.993,0.006,0.007,1.0,500.0
moons,1000,0.1,svm,1.0,0.0,0.978,0.012,0.022,1.0,1000.0
moons,1000,0.1,svm,0.814,0.005,0.812,0.042,0.002,10.0,0.0001
moons,1000,0.1,svm,0.858,0.004,0.86,0.033,-0.002,10.0,0.001
moons,1000,0.1,svm,0.885,0.003,0.886,0.027,-0.001,10.0,0.01
moons,1000,0.1,svm,0.976,0.001,0.976,0.013,0.0,10.0,0.1
moons,1000,0.1,svm,1.0,0.0,1.0,0.0,0.0,10.0,1.0
moons,1000,0.1,svm,1.0,0.0,1.0,0.0,0.0,10.0,2.0
moons,1000,0.1,svm,1.0,0.0,1.0,0.0,0.0,10.0,5.0
moons,1000,0.1,svm,1.0,0.0,1.0,0.0,0.0,10.0,10.0
moons,1000,0.1,svm,1.0,0.0,1.0,0.0,0.0,10.0,25.0
moons,1000,0.1,svm,1.0,0.0,1.0,0.0,0.0,10.0,50.0
moons,1000,0.1,svm,1.0,0.0,0.999,0.003,0.001,10.0,100.0
moons,1000,0.1,svm,1.0,0.0,0.998,0.004,0.002,10.0,250.0
moons,1000,0.1,svm,1.0,0.0,0.995,0.007,0.005,10.0,500.0
moons,1000,0.1,svm,1.0,0.0,0.983,0.015,0.017,10.0,1000.0
moons,10000,0.1,log_reg,0.824,0.001,0.824,0.011,0.0,0.001,0.0
moons,10000,0.1,log_reg,0.868,0.001,0.868,0.01,0.0,0.01,0.0
moons,10000,0.1,log_reg,0.881,0.001,0.881,0.013,0.0,0.1,0.0
moons,10000,0.1,log_reg,0.881,0.001,0.882,0.007,-0.001,1.0,0.0
moons,10000,0.1,log_reg,0.881,0.001,0.881,0.007,0.0,10.0,0.0
moons,10000,0.1,log_reg,0.881,0.002,0.882,0.014,-0.001,100.0,0.0
moons,10000,0.1,log_reg,0.881,0.001,0.882,0.008,-0.001,1000.0,0.0
moons,10000,0.1,svm,0.559,0.115,0.547,0.126,0.012,0.1,0.0001
moons,10000,0.1,svm,0.804,0.001,0.804,0.01,0.0,0.1,0.001
moons,10000,0.1,svm,0.859,0.001,0.859,0.01,0.0,0.1,0.01
moons,10000,0.1,svm,0.893,0.001,0.893,0.009,0.0,0.1,0.1
moons,10000,0.1,svm,0.999,0.0,0.999,0.001,0.0,0.1,1.0
moons,10000,0.1,svm,0.999,0.0,0.999,0.001,0.0,0.1,2.0
moons,10000,0.1,svm,0.999,0.0,0.999,0.001,0.0,0.1,5.0
moons,10000,0.1,svm,1.0,0.0,1.0,0.001,0.0,0.1,10.0
moons,10000,0.1,svm,1.0,0.0,1.0,0.001,0.0,0.1,25.0
moons,10000,0.1,svm,1.0,0.0,0.999,0.001,0.001,0.1,50.0
moons,10000,0.1,svm,1.0,0.0,0.999,0.0,0.001,0.1,100.0
moons,10000,0.1,svm,1.0,0.0,0.999,0.001,0.001,0.1,250.0
moons,10000,0.1,svm,1.0,0.0,0.999,0.001,0.001,0.1,500.0
moons,10000,0.1,svm,1.0,0.0,0.998,0.002,0.002,0.1,1000.0
moons,10000,0.1,svm,0.804,0.002,0.805,0.014,-0.001,1.0,0.0001
moons,10000,0.1,svm,0.859,0.001,0.859,0.012,0.0,1.0,0.001
moons,10000,0.1,svm,0.877,0.001,0.877,0.01,0.0,1.0,0.01
moons,10000,0.1,svm,0.969,0.0,0.969,0.003,0.0,1.0,0.1
moons,10000,0.1,svm,1.0,0.0,0.999,0.001,0.001,1.0,1.0
moons,10000,0.1,svm,1.0,0.0,1.0,0.001,0.0,1.0,2.0
moons,10000,0.1,svm,0.999,0.0,0.999,0.001,0.0,1.0,5.0
moons,10000,0.1,svm,1.0,0.0,0.999,0.001,0.001,1.0,10.0
moons,10000,0.1,svm,1.0,0.0,0.999,0.001,0.001,1.0,25.0
moons,10000,0.1,svm,1.0,0.0,0.999,0.001,0.001,1.0,50.0
moons,10000,0.1,svm,1.0,0.0,0.999,0.001,0.001,1.0,100.0
moons,10000,0.1,svm,1.0,0.0,0.999,0.001,0.001,1.0,250.0
moons,10000,0.1,svm,1.0,0.0,0.999,0.001,0.001,1.0,500.0
moons,10000,0.1,svm,1.0,0.0,0.998,0.002,0.002,1.0,1000.0
moons,10000,0.1,svm,0.859,0.001,0.859,0.008,0.0,10.0,0.0001
moons,10000,0.1,svm,0.876,0.001,0.877,0.01,-0.001,10.0,0.001
moons,10000,0.1,svm,0.882,0.001,0.882,0.009,0.0,10.0,0.01
moons,10000,0.1,svm,0.997,0.0,0.997,0.002,0.0,10.0,0.1
moons,10000,0.1,svm,1.0,0.0,0.999,0.001,0.001,10.0,1.0
moons,10000,0.1,svm,1.0,0.0,1.0,0.0,0.0,10.0,2.0
moons,10000,0.1,svm,1.0,0.0,1.0,0.001,0.0,10.0,5.0
moons,10000,0.1,svm,1.0,0.0,0.999,0.0,0.001,10.0,10.0
moons,10000,0.1,svm,1.0,0.0,0.999,0.001,0.001,10.0,25.0
moons,10000,0.1,svm,1.0,0.0,0.999,0.001,0.001,10.0,50.0
moons,10000,0.1,svm,1.0,0.0,0.999,0.001,0.001,10.0,100.0
moons,10000,0.1,svm,1.0,0.0,0.999,0.001,0.001,10.0,250.0
moons,10000,0.1,svm,1.0,0.0,0.999,0.001,0.001,10.0,500.0
moons,10000,0.1,svm,1.0,0.0,0.998,0.002,0.002,10.0,1000.0
moons,10,0.2,log_reg,0.8,0.044,0.8,0.4,0.0,0.001,0.0
moons,10,0.2,log_reg,0.8,0.044,0.8,0.4,0.0,0.01,0.0
moons,10,0.2,log_reg,0.8,0.044,0.8,0.4,0.0,0.1,0.0
moons,10,0.2,log_reg,0.889,0.0,0.8,0.4,0.089,1.0,0.0
moons,10,0.2,log_reg,0.911,0.044,0.8,0.4,0.111,10.0,0.0
moons,10,0.2,log_reg,1.0,0.0,0.8,0.4,0.2,100.0,0.0
moons,10,0.2,log_reg,1.0,0.0,0.8,0.4,0.2,1000.0,0.0
moons,10,0.2,svm,0.8,0.044,0.8,0.4,0.0,0.1,0.0001
moons,10,0.2,svm,0.8,0.044,0.8,0.4,0.0,0.1,0.001
moons,10,0.2,svm,0.8,0.044,0.8,0.4,0.0,0.1,0.01
moons,10,0.2,svm,0.8,0.044,0.8,0.4,0.0,0.1,0.1
moons,10,0.2,svm,0.8,0.044,0.8,0.4,0.0,0.1,1.0
moons,10,0.2,svm,0.8,0.044,0.8,0.4,0.0,0.1,2.0
moons,10,0.2,svm,0.8,0.044,0.8,0.4,0.0,0.1,5.0
moons,10,0.2,svm,0.8,0.044,0.8,0.4,0.0,0.1,10.0
moons,10,0.2,svm,0.8,0.044,0.8,0.4,0.0,0.1,25.0
moons,10,0.2,svm,0.8,0.044,0.8,0.4,0.0,0.1,50.0
moons,10,0.2,svm,0.8,0.044,0.8,0.4,0.0,0.1,100.0
moons,10,0.2,svm,0.8,0.044,0.8,0.4,0.0,0.1,250.0
moons,10,0.2,svm,0.8,0.044,0.8,0.4,0.0,0.1,500.0
moons,10,0.2,svm,0.8,0.044,0.8,0.4,0.0,0.1,1000.0
moons,10,0.2,svm,0.8,0.044,0.8,0.4,0.0,1.0,0.0001
moons,10,0.2,svm,0.8,0.044,0.8,0.4,0.0,1.0,0.001
moons,10,0.2,svm,0.8,0.044,0.8,0.4,0.0,1.0,0.01
moons,10,0.2,svm,0.8,0.044,0.8,0.4,0.0,1.0,0.1
moons,10,0.2,svm,0.9,0.033,0.8,0.4,0.1,1.0,1.0
moons,10,0.2,svm,0.911,0.044,0.8,0.4,0.111,1.0,2.0
moons,10,0.2,svm,1.0,0.0,0.8,0.4,0.2,1.0,5.0
moons,10,0.2,svm,1.0,0.0,0.8,0.4,0.2,1.0,10.0
moons,10,0.2,svm,1.0,0.0,0.8,0.4,0.2,1.0,25.0
moons,10,0.2,svm,1.0,0.0,0.8,0.4,0.2,1.0,50.0
moons,10,0.2,svm,1.0,0.0,0.8,0.4,0.2,1.0,100.0
moons,10,0.2,svm,1.0,0.0,0.8,0.4,0.2,1.0,250.0
moons,10,0.2,svm,1.0,0.0,0.8,0.4,0.2,1.0,500.0
moons,10,0.2,svm,1.0,0.0,0.8,0.4,0.2,1.0,1000.0
moons,10,0.2,svm,0.8,0.044,0.8,0.4,0.0,10.0,0.0001
moons,10,0.2,svm,0.8,0.044,0.8,0.4,0.0,10.0,0.001
moons,10,0.2,svm,0.8,0.044,0.8,0.4,0.0,10.0,0.01
moons,10,0.2,svm,0.9,0.033,0.8,0.4,0.1,10.0,0.1
moons,10,0.2,svm,1.0,0.0,0.8,0.4,0.2,10.0,1.0
moons,10,0.2,svm,1.0,0.0,0.8,0.4,0.2,10.0,2.0
moons,10,0.2,svm,1.0,0.0,0.8,0.4,0.2,10.0,5.0
moons,10,0.2,svm,1.0,0.0,0.8,0.4,0.2,10.0,10.0
moons,10,0.2,svm,1.0,0.0,0.8,0.4,0.2,10.0,25.0
moons,10,0.2,svm,1.0,0.0,0.8,0.4,0.2,10.0,50.0
moons,10,0.2,svm,1.0,0.0,0.8,0.4,0.2,10.0,100.0
moons,10,0.2,svm,1.0,0.0,0.8,0.4,0.2,10.0,250.0
moons,10,0.2,svm,1.0,0.0,0.8,0.4,0.2,10.0,500.0
moons,10,0.2,svm,1.0,0.0,0.8,0.4,0.2,10.0,1000.0
moons,50,0.2,log_reg,0.62,0.021,0.62,0.189,0.0,0.001,0.0
moons,50,0.2,log_reg,0.62,0.025,0.62,0.227,0.0,0.01,0.0
moons,50,0.2,log_reg,0.824,0.025,0.78,0.14,0.044,0.1,0.0
moons,50,0.2,log_reg,0.884,0.017,0.86,0.128,0.024,1.0,0.0
moons,50,0.2,log_reg,0.869,0.021,0.88,0.133,-0.011,10.0,0.0
moons,50,0.2,log_reg,0.867,0.024,0.86,0.156,0.007,100.0,0.0
moons,50,0.2,log_reg,0.873,0.02,0.84,0.196,0.033,1000.0,0.0
moons,50,0.2,svm,0.62,0.027,0.62,0.244,0.0,0.1,0.0001
moons,50,0.2,svm,0.62,0.031,0.62,0.275,0.0,0.1,0.001
moons,50,0.2,svm,0.62,0.025,0.62,0.227,0.0,0.1,0.01
moons,50,0.2,svm,0.62,0.027,0.62,0.244,0.0,0.1,0.1
moons,50,0.2,svm,0.693,0.043,0.64,0.174,0.053,0.1,1.0
moons,50,0.2,svm,0.669,0.057,0.62,0.227,0.049,0.1,2.0
moons,50,0.2,svm,0.62,0.021,0.62,0.189,0.0,0.1,5.0
moons,50,0.2,svm,0.62,0.023,0.62,0.209,0.0,0.1,10.0
moons,50,0.2,svm,0.62,0.012,0.62,0.108,0.0,0.1,25.0
moons,50,0.2,svm,0.62,0.027,0.62,0.244,0.0,0.1,50.0
moons,50,0.2,svm,0.62,0.025,0.62,0.227,0.0,0.1,100.0
moons,50,0.2,svm,0.62,0.016,0.62,0.14,0.0,0.1,250.0
moons,50,0.2,svm,0.62,0.027,0.62,0.244,0.0,0.1,500.0
moons,50,0.2,svm,0.62,0.021,0.62,0.189,0.0,0.1,1000.0
moons,50,0.2,svm,0.62,0.018,0.62,0.166,0.0,1.0,0.0001
moons,50,0.2,svm,0.62,0.025,0.62,0.227,0.0,1.0,0.001
moons,50,0.2,svm,0.62,0.027,0.62,0.244,0.0,1.0,0.01
moons,50,0.2,svm,0.882,0.02,0.86,0.18,0.022,1.0,0.1
moons,50,0.2,svm,0.947,0.025,0.94,0.092,0.007,1.0,1.0
moons,50,0.2,svm,0.978,0.01,0.96,0.08,0.018,1.0,2.0
moons,50,0.2,svm,0.98,0.007,0.98,0.06,0.0,1.0,5.0
moons,50,0.2,svm,0.98,0.007,0.98,0.06,0.0,1.0,10.0
moons,50,0.2,svm,1.0,0.0,0.96,0.08,0.04,1.0,25.0
moons,50,0.2,svm,1.0,0.0,0.8,0.179,0.2,1.0,50.0
moons,50,0.2,svm,1.0,0.0,0.68,0.24,0.32,1.0,100.0
moons,50,0.2,svm,1.0,0.0,0.62,0.227,0.38,1.0,250.0
moons,50,0.2,svm,1.0,0.0,0.62,0.209,0.38,1.0,500.0
moons,50,0.2,svm,1.0,0.0,0.62,0.209,0.38,1.0,1000.0
moons,50,0.2,svm,0.62,0.016,0.62,0.14,0.0,10.0,0.0001
moons,50,0.2,svm,0.62,0.012,0.62,0.108,0.0,10.0,0.001
moons,50,0.2,svm,0.884,0.017,0.86,0.128,0.024,10.0,0.01
moons,50,0.2,svm,0.893,0.022,0.86,0.201,0.033,10.0,0.1
moons,50,0.2,svm,0.98,0.007,0.94,0.092,0.04,10.0,1.0
moons,50,0.2,svm,0.982,0.009,0.96,0.08,0.022,10.0,2.0
moons,50,0.2,svm,1.0,0.0,0.96,0.08,0.04,10.0,5.0
moons,50,0.2,svm,1.0,0.0,0.96,0.08,0.04,10.0,10.0
moons,50,0.2,svm,1.0,0.0,0.96,0.08,0.04,10.0,25.0
moons,50,0.2,svm,1.0,0.0,0.82,0.189,0.18,10.0,50.0
moons,50,0.2,svm,1.0,0.0,0.76,0.08,0.24,10.0,100.0
moons,50,0.2,svm,1.0,0.0,0.62,0.244,0.38,10.0,250.0
moons,50,0.2,svm,1.0,0.0,0.62,0.166,0.38,10.0,500.0
moons,50,0.2,svm,1.0,0.0,0.62,0.189,0.38,10.0,1000.0
moons,100,0.2,log_reg,0.56,0.017,0.56,0.156,0.0,0.001,0.0
moons,100,0.2,log_reg,0.716,0.076,0.69,0.23,0.026,0.01,0.0
moons,100,0.2,log_reg,0.809,0.021,0.81,0.137,-0.001,0.1,0.0
moons,100,0.2,log_reg,0.817,0.012,0.82,0.098,-0.003,1.0,0.0
moons,100,0.2,log_reg,0.848,0.012,0.83,0.1,0.018,10.0,0.0
moons,100,0.2,log_reg,0.847,0.008,0.83,0.1,0.017,100.0,0.0
moons,100,0.2,log_reg,0.851,0.014,0.82,0.133,0.031,1000.0,0.0
moons,100,0.2,svm,0.56,0.015,0.56,0.136,0.0,0.1,0.0001
moons,100,0.2,svm,0.56,0.011,0.56,0.102,0.0,0.1,0.001
moons,100,0.2,svm,0.56,0.014,0.56,0.128,0.0,0.1,0.01
moons,100,0.2,svm,0.782,0.075,0.74,0.196,0.042,0.1,0.1
moons,100,0.2,svm,0.881,0.009,0.87,0.078,0.011,0.1,1.0
moons,100,0.2,svm,0.937,0.005,0.92,0.06,0.017,0.1,2.0
moons,100,0.2,svm,0.936,0.023,0.88,0.098,0.056,0.1,5.0
moons,100,0.2,svm,0.677,0.076,0.59,0.151,0.087,0.1,10.0
moons,100,0.2,svm,0.56,0.017,0.56,0.15,0.0,0.1,25.0
moons,100,0.2,svm,0.56,0.013,0.56,0.12,0.0,0.1,50.0
moons,100,0.2,svm,0.56,0.016,0.56,0.143,0.0,0.1,100.0
moons,100,0.2,svm,0.56,0.023,0.56,0.206,0.0,0.1,250.0
moons,100,0.2,svm,0.56,0.013,0.56,0.12,0.0,0.1,500.0
moons,100,0.2,svm,0.56,0.015,0.56,0.136,0.0,0.1,1000.0
moons,100,0.2,svm,0.56,0.011,0.56,0.102,0.0,1.0,0.0001
moons,100,0.2,svm,0.56,0.01,0.56,0.092,0.0,1.0,0.001
moons,100,0.2,svm,0.789,0.019,0.79,0.17,-0.001,1.0,0.01
moons,100,0.2,svm,0.822,0.02,0.81,0.114,0.012,1.0,0.1
moons,100,0.2,svm,0.961,0.007,0.96,0.066,0.001,1.0,1.0
moons,100,0.2,svm,0.97,0.005,0.97,0.046,0.0,1.0,2.0
moons,100,0.2,svm,0.98,0.004,0.98,0.04,0.0,1.0,5.0
moons,100,0.2,svm,0.984,0.007,0.97,0.046,0.014,1.0,10.0
moons,100,0.2,svm,0.999,0.003,0.97,0.046,0.029,1.0,25.0
moons,100,0.2,svm,1.0,0.0,0.97,0.064,0.03,1.0,50.0
moons,100,0.2,svm,1.0,0.0,0.86,0.174,0.14,1.0,100.0
moons,100,0.2,svm,1.0,0.0,0.74,0.128,0.26,1.0,250.0
moons,100,0.2,svm,1.0,0.0,0.62,0.087,0.38,1.0,500.0
moons,100,0.2,svm,1.0,0.0,0.6,0.19,0.4,1.0,1000.0
moons,100,0.2,svm,0.56,0.016,0.56,0.143,0.0,10.0,0.0001
moons,100,0.2,svm,0.794,0.011,0.76,0.049,0.034,10.0,0.001
moons,100,0.2,svm,0.82,0.018,0.81,0.122,0.01,10.0,0.01
moons,100,0.2,svm,0.87,0.012,0.83,0.1,0.04,10.0,0.1
moons,100,0.2,svm,0.98,0.007,0.98,0.06,0.0,10.0,1.0
moons,100,0.2,svm,0.981,0.007,0.95,0.081,0.031,10.0,2.0
moons,100,0.2,svm,0.997,0.005,0.96,0.049,0.037,10.0,5.0
moons,100,0.2,svm,1.0,0.0,0.99,0.03,0.01,10.0,10.0
moons,100,0.2,svm,1.0,0.0,0.98,0.04,0.02,10.0,25.0
moons,100,0.2,svm,1.0,0.0,0.98,0.06,0.02,10.0,50.0
moons,100,0.2,svm,1.0,0.0,0.89,0.094,0.11,10.0,100.0
moons,100,0.2,svm,1.0,0.0,0.72,0.16,0.28,10.0,250.0
moons,100,0.2,svm,1.0,0.0,0.69,0.104,0.31,10.0,500.0
moons,100,0.2,svm,1.0,0.0,0.62,0.14,0.38,10.0,1000.0
moons,1000,0.2,log_reg,0.811,0.006,0.806,0.03,0.005,0.001,0.0
moons,1000,0.2,log_reg,0.839,0.004,0.84,0.033,-0.001,0.01,0.0
moons,1000,0.2,log_reg,0.869,0.002,0.868,0.024,0.001,0.1,0.0
moons,1000,0.2,log_reg,0.876,0.005,0.874,0.04,0.002,1.0,0.0
moons,1000,0.2,log_reg,0.877,0.004,0.876,0.036,0.001,10.0,0.0
moons,1000,0.2,log_reg,0.877,0.004,0.875,0.033,0.002,100.0,0.0
moons,1000,0.2,log_reg,0.876,0.003,0.876,0.029,0.0,1000.0,0.0
moons,1000,0.2,svm,0.505,0.003,0.457,0.027,0.048,0.1,0.0001
moons,1000,0.2,svm,0.534,0.091,0.498,0.104,0.036,0.1,0.001
moons,1000,0.2,svm,0.819,0.004,0.819,0.036,0.0,0.1,0.01
moons,1000,0.2,svm,0.861,0.003,0.86,0.027,0.001,0.1,0.1
moons,1000,0.2,svm,0.955,0.002,0.954,0.022,0.001,0.1,1.0
moons,1000,0.2,svm,0.976,0.002,0.976,0.019,0.0,0.1,2.0
moons,1000,0.2,svm,0.98,0.002,0.978,0.017,0.002,0.1,5.0
moons,1000,0.2,svm,0.98,0.002,0.979,0.014,0.001,0.1,10.0
moons,1000,0.2,svm,0.98,0.002,0.977,0.018,0.003,0.1,25.0
moons,1000,0.2,svm,0.981,0.002,0.974,0.019,0.007,0.1,50.0
moons,1000,0.2,svm,0.983,0.003,0.96,0.021,0.023,0.1,100.0
moons,1000,0.2,svm,0.683,0.069,0.563,0.071,0.12,0.1,250.0
moons,1000,0.2,svm,0.505,0.002,0.469,0.017,0.036,0.1,500.0
moons,1000,0.2,svm,0.555,0.147,0.48,0.093,0.075,0.1,1000.0
moons,1000,0.2,svm,0.567,0.124,0.515,0.128,0.052,1.0,0.0001
moons,1000,0.2,svm,0.82,0.003,0.82,0.026,0.0,1.0,0.001
moons,1000,0.2,svm,0.862,0.003,0.861,0.025,0.001,1.0,0.01
moons,1000,0.2,svm,0.888,0.004,0.886,0.044,0.002,1.0,0.1
moons,1000,0.2,svm,0.979,0.001,0.977,0.013,0.002,1.0,1.0
moons,1000,0.2,svm,0.981,0.001,0.98,0.01,0.001,1.0,2.0
moons,1000,0.2,svm,0.981,0.002,0.979,0.009,0.002,1.0,5.0
moons,1000,0.2,svm,0.981,0.002,0.976,0.016,0.005,1.0,10.0
moons,1000,0.2,svm,0.982,0.001,0.978,0.02,0.004,1.0,25.0
moons,1000,0.2,svm,0.983,0.002,0.973,0.021,0.01,1.0,50.0
moons,1000,0.2,svm,0.986,0.002,0.971,0.018,0.015,1.0,100.0
moons,1000,0.2,svm,0.99,0.002,0.959,0.018,0.031,1.0,250.0
moons,1000,0.2,svm,0.997,0.001,0.942,0.02,0.055,1.0,500.0
moons,1000,0.2,svm,0.999,0.0,0.901,0.031,0.098,1.0,1000.0
moons,1000,0.2,svm,0.821,0.005,0.818,0.044,0.003,10.0,0.0001
moons,1000,0.2,svm,0.862,0.003,0.863,0.036,-0.001,10.0,0.001
moons,1000,0.2,svm,0.87,0.002,0.868,0.016,0.002,10.0,0.01
moons,1000,0.2,svm,0.939,0.003,0.939,0.018,0.0,10.0,0.1
moons,1000,0.2,svm,0.981,0.002,0.979,0.012,0.002,10.0,1.0
moons,1000,0.2,svm,0.98,0.001,0.978,0.01,0.002,10.0,2.0
moons,1000,0.2,svm,0.981,0.002,0.978,0.014,0.003,10.0,5.0
moons,1000,0.2,svm,0.982,0.001,0.977,0.013,0.005,10.0,10.0
moons,1000,0.2,svm,0.985,0.002,0.979,0.014,0.006,10.0,25.0
moons,1000,0.2,svm,0.988,0.002,0.967,0.015,0.021,10.0,50.0
moons,1000,0.2,svm,0.992,0.001,0.962,0.017,0.03,10.0,100.0
moons,1000,0.2,svm,0.998,0.001,0.956,0.021,0.042,10.0,250.0
moons,1000,0.2,svm,0.999,0.0,0.935,0.025,0.064,10.0,500.0
moons,1000,0.2,svm,0.999,0.0,0.905,0.04,0.094,10.0,1000.0
moons,10000,0.2,log_reg,0.828,0.001,0.828,0.01,0.0,0.001,0.0
moons,10000,0.2,log_reg,0.865,0.001,0.865,0.01,0.0,0.01,0.0
moons,10000,0.2,log_reg,0.873,0.001,0.873,0.011,0.0,0.1,0.0
moons,10000,0.2,log_reg,0.872,0.001,0.872,0.009,0.0,1.0,0.0
moons,10000,0.2,log_reg,0.872,0.002,0.872,0.014,0.0,10.0,0.0
moons,10000,0.2,log_reg,0.872,0.001,0.872,0.012,0.0,100.0,0.0
moons,10000,0.2,log_reg,0.872,0.001,0.871,0.007,0.001,1000.0,0.0
moons,10000,0.2,svm,0.501,0.001,0.491,0.006,0.01,0.1,0.0001
moons,10000,0.2,svm,0.808,0.001,0.808,0.011,0.0,0.1,0.001
moons,10000,0.2,svm,0.858,0.001,0.858,0.011,0.0,0.1,0.01
moons,10000,0.2,svm,0.884,0.001,0.884,0.009,0.0,0.1,0.1
moons,10000,0.2,svm,0.969,0.001,0.969,0.004,0.0,0.1,1.0
moons,10000,0.2,svm,0.97,0.001,0.97,0.006,0.0,0.1,2.0
moons,10000,0.2,svm,0.97,0.0,0.97,0.005,0.0,0.1,5.0
moons,10000,0.2,svm,0.971,0.001,0.97,0.005,0.001,0.1,10.0
moons,10000,0.2,svm,0.971,0.0,0.97,0.004,0.001,0.1,25.0
moons,10000,0.2,svm,0.972,0.001,0.97,0.004,0.002,0.1,50.0
moons,10000,0.2,svm,0.973,0.001,0.971,0.006,0.002,0.1,100.0
moons,10000,0.2,svm,0.973,0.001,0.97,0.004,0.003,0.1,250.0
moons,10000,0.2,svm,0.975,0.001,0.969,0.004,0.006,0.1,500.0
moons,10000,0.2,svm,0.979,0.0,0.962,0.007,0.017,0.1,1000.0
moons,10000,0.2,svm,0.808,0.001,0.808,0.01,0.0,1.0,0.0001
moons,10000,0.2,svm,0.858,0.001,0.859,0.01,-0.001,1.0,0.001
moons,10000,0.2,svm,0.871,0.001,0.871,0.007,0.0,1.0,0.01
moons,10000,0.2,svm,0.927,0.0,0.928,0.005,-0.001,1.0,0.1
moons,10000,0.2,svm,0.971,0.0,0.971,0.004,0.0,1.0,1.0
moons,10000,0.2,svm,0.971,0.001,0.971,0.006,0.0,1.0,2.0
moons,10000,0.2,svm,0.971,0.001,0.971,0.004,0.0,1.0,5.0
moons,10000,0.2,svm,0.971,0.0,0.97,0.003,0.001,1.0,10.0
moons,10000,0.2,svm,0.972,0.001,0.97,0.004,0.002,1.0,25.0
moons,10000,0.2,svm,0.973,0.001,0.971,0.007,0.002,1.0,50.0
moons,10000,0.2,svm,0.973,0.001,0.97,0.006,0.003,1.0,100.0
moons,10000,0.2,svm,0.975,0.001,0.97,0.005,0.005,1.0,250.0
moons,10000,0.2,svm,0.978,0.001,0.968,0.004,0.01,1.0,500.0
moons,10000,0.2,svm,0.982,0.001,0.965,0.006,0.017,1.0,1000.0
moons,10000,0.2,svm,0.858,0.001,0.858,0.014,0.0,10.0,0.0001
moons,10000,0.2,svm,0.871,0.001,0.87,0.01,0.001,10.0,0.001
moons,10000,0.2,svm,0.874,0.001,0.874,0.008,0.0,10.0,0.01
moons,10000,0.2,svm,0.962,0.001,0.962,0.009,0.0,10.0,0.1
moons,10000,0.2,svm,0.972,0.001,0.972,0.004,0.0,10.0,1.0
moons,10000,0.2,svm,0.971,0.001,0.97,0.005,0.001,10.0,2.0
moons,10000,0.2,svm,0.971,0.001,0.971,0.008,0.0,10.0,5.0
moons,10000,0.2,svm,0.972,0.001,0.97,0.006,0.002,10.0,10.0
moons,10000,0.2,svm,0.972,0.001,0.97,0.004,0.002,10.0,25.0
moons,10000,0.2,svm,0.973,0.001,0.969,0.005,0.004,10.0,50.0
moons,10000,0.2,svm,0.975,0.001,0.97,0.005,0.005,10.0,100.0
moons,10000,0.2,svm,0.98,0.001,0.966,0.006,0.014,10.0,250.0
moons,10000,0.2,svm,0.985,0.0,0.962,0.005,0.023,10.0,500.0
moons,10000,0.2,svm,0.991,0.0,0.955,0.007,0.036,10.0,1000.0
moons,10,0.3,log_reg,0.7,0.051,0.7,0.458,0.0,0.001,0.0
moons,10,0.3,log_reg,0.7,0.051,0.7,0.458,0.0,0.01,0.0
moons,10,0.3,log_reg,0.7,0.051,0.7,0.458,0.0,0.1,0.0
moons,10,0.3,log_reg,0.8,0.044,0.7,0.458,0.1,1.0,0.0
moons,10,0.3,log_reg,0.733,0.089,0.6,0.49,0.133,10.0,0.0
moons,10,0.3,log_reg,0.744,0.1,0.6,0.49,0.144,100.0,0.0
moons,10,0.3,log_reg,0.744,0.1,0.6,0.49,0.144,1000.0,0.0
moons,10,0.3,svm,0.7,0.051,0.7,0.458,0.0,0.1,0.0001
moons,10,0.3,svm,0.7,0.051,0.7,0.458,0.0,0.1,0.001
moons,10,0.3,svm,0.7,0.051,0.7,0.458,0.0,0.1,0.01
moons,10,0.3,svm,0.7,0.051,0.7,0.458,0.0,0.1,0.1
moons,10,0.3,svm,0.7,0.051,0.7,0.458,0.0,0.1,1.0
moons,10,0.3,svm,0.7,0.051,0.7,0.458,0.0,0.1,2.0
moons,10,0.3,svm,0.7,0.051,0.7,0.458,0.0,0.1,5.0
moons,10,0.3,svm,0.7,0.051,0.7,0.458,0.0,0.1,10.0
moons,10,0.3,svm,0.7,0.051,0.7,0.458,0.0,0.1,25.0
moons,10,0.3,svm,0.7,0.051,0.7,0.458,0.0,0.1,50.0
moons,10,0.3,svm,0.7,0.051,0.7,0.458,0.0,0.1,100.0
moons,10,0.3,svm,0.7,0.051,0.7,0.458,0.0,0.1,250.0
moons,10,0.3,svm,0.7,0.051,0.7,0.458,0.0,0.1,500.0
moons,10,0.3,svm,0.7,0.051,0.7,0.458,0.0,0.1,1000.0
moons,10,0.3,svm,0.7,0.051,0.7,0.458,0.0,1.0,0.0001
moons,10,0.3,svm,0.7,0.051,0.7,0.458,0.0,1.0,0.001
moons,10,0.3,svm,0.7,0.051,0.7,0.458,0.0,1.0,0.01
moons,10,0.3,svm,0.7,0.051,0.7,0.458,0.0,1.0,0.1
moons,10,0.3,svm,0.811,0.051,0.6,0.49,0.211,1.0,1.0
moons,10,0.3,svm,0.978,0.044,0.7,0.458,0.278,1.0,2.0
moons,10,0.3,svm,1.0,0.0,0.9,0.3,0.1,1.0,5.0
moons,10,0.3,svm,1.0,0.0,0.7,0.458,0.3,1.0,10.0
moons,10,0.3,svm,1.0,0.0,0.7,0.458,0.3,1.0,25.0
moons,10,0.3,svm,1.0,0.0,0.7,0.458,0.3,1.0,50.0
moons,10,0.3,svm,1.0,0.0,0.7,0.458,0.3,1.0,100.0
moons,10,0.3,svm,1.0,0.0,0.7,0.458,0.3,1.0,250.0
moons,10,0.3,svm,1.0,0.0,0.7,0.458,0.3,1.0,500.0
moons,10,0.3,svm,1.0,0.0,0.7,0.458,0.3,1.0,1000.0
moons,10,0.3,svm,0.7,0.051,0.7,0.458,0.0,10.0,0.0001
moons,10,0.3,svm,0.7,0.051,0.7,0.458,0.0,10.0,0.001
moons,10,0.3,svm,0.7,0.051,0.7,0.458,0.0,10.0,0.01
moons,10,0.3,svm,0.8,0.044,0.6,0.49,0.2,10.0,0.1
moons,10,0.3,svm,1.0,0.0,0.8,0.4,0.2,10.0,1.0
moons,10,0.3,svm,1.0,0.0,0.8,0.4,0.2,10.0,2.0
moons,10,0.3,svm,1.0,0.0,0.9,0.3,0.1,10.0,5.0
moons,10,0.3,svm,1.0,0.0,0.9,0.3,0.1,10.0,10.0
moons,10,0.3,svm,1.0,0.0,0.7,0.458,0.3,10.0,25.0
moons,10,0.3,svm,1.0,0.0,0.7,0.458,0.3,10.0,50.0
moons,10,0.3,svm,1.0,0.0,0.7,0.458,0.3,10.0,100.0
moons,10,0.3,svm,1.0,0.0,0.7,0.458,0.3,10.0,250.0
moons,10,0.3,svm,1.0,0.0,0.7,0.458,0.3,10.0,500.0
moons,10,0.3,svm,1.0,0.0,0.7,0.458,0.3,10.0,1000.0
moons,50,0.3,log_reg,0.56,0.026,0.56,0.233,0.0,0.001,0.0
moons,50,0.3,log_reg,0.573,0.022,0.56,0.196,0.013,0.01,0.0
moons,50,0.3,log_reg,0.764,0.037,0.76,0.15,0.004,0.1,0.0
moons,50,0.3,log_reg,0.704,0.024,0.7,0.224,0.004,1.0,0.0
moons,50,0.3,log_reg,0.704,0.024,0.7,0.161,0.004,10.0,0.0
moons,50,0.3,log_reg,0.707,0.034,0.68,0.256,0.027,100.0,0.0
moons,50,0.3,log_reg,0.707,0.031,0.7,0.272,0.007,1000.0,0.0
moons,50,0.3,svm,0.56,0.022,0.56,0.196,0.0,0.1,0.0001
moons,50,0.3,svm,0.56,0.033,0.56,0.294,0.0,0.1,0.001
moons,50,0.3,svm,0.56,0.024,0.56,0.215,0.0,0.1,0.01
moons,50,0.3,svm,0.56,0.024,0.56,0.215,0.0,0.1,0.1
moons,50,0.3,svm,0.573,0.029,0.56,0.215,0.013,0.1,1.0
moons,50,0.3,svm,0.564,0.02,0.56,0.233,0.004,0.1,2.0
moons,50,0.3,svm,0.56,0.019,0.56,0.174,0.0,0.1,5.0
moons,50,0.3,svm,0.56,0.024,0.56,0.215,0.0,0.1,10.0
moons,50,0.3,svm,0.56,0.028,0.56,0.25,0.0,0.1,25.0
moons,50,0.3,svm,0.56,0.028,0.56,0.25,0.0,0.1,50.0
moons,50,0.3,svm,0.56,0.026,0.56,0.233,0.0,0.1,100.0
moons,50,0.3,svm,0.56,0.013,0.56,0.12,0.0,0.1,250.0
moons,50,0.3,svm,0.56,0.024,0.56,0.215,0.0,0.1,500.0
moons,50,0.3,svm,0.56,0.024,0.56,0.215,0.0,0.1,1000.0
moons,50,0.3,svm,0.56,0.026,0.56,0.233,0.0,1.0,0.0001
moons,50,0.3,svm,0.56,0.028,0.56,0.25,0.0,1.0,0.001
moons,50,0.3,svm,0.56,0.019,0.56,0.174,0.0,1.0,0.01
moons,50,0.3,svm,0.738,0.041,0.68,0.24,0.058,1.0,0.1
moons,50,0.3,svm,0.873,0.03,0.82,0.14,0.053,1.0,1.0
moons,50,0.3,svm,0.918,0.024,0.88,0.133,0.038,1.0,2.0
moons,50,0.3,svm,0.913,0.027,0.88,0.183,0.033,1.0,5.0
moons,50,0.3,svm,0.971,0.01,0.84,0.12,0.131,1.0,10.0
moons,50,0.3,svm,0.982,0.009,0.7,0.224,0.282,1.0,25.0
moons,50,0.3,svm,1.0,0.0,0.68,0.133,0.32,1.0,50.0
moons,50,0.3,svm,1.0,0.0,0.46,0.237,0.54,1.0,100.0
moons,50,0.3,svm,1.0,0.0,0.56,0.174,0.44,1.0,250.0
moons,50,0.3,svm,1.0,0.0,0.56,0.233,0.44,1.0,500.0
moons,50,0.3,svm,1.0,0.0,0.56,0.25,0.44,1.0,1000.0
moons,50,0.3,svm,0.56,0.019,0.56,0.174,0.0,10.0,0.0001
moons,50,0.3,svm,0.56,0.022,0.56,0.196,0.0,10.0,0.001
moons,50,0.3,svm,0.742,0.041,0.66,0.18,0.082,10.0,0.01
moons,50,0.3,svm,0.764,0.041,0.68,0.183,0.084,10.0,0.1
moons,50,0.3,svm,0.92,0.025,0.86,0.128,0.06,10.0,1.0
moons,50,0.3,svm,0.942,0.015,0.84,0.233,0.102,10.0,2.0
moons,50,0.3,svm,0.98,0.007,0.86,0.156,0.12,10.0,5.0
moons,50,0.3,svm,0.987,0.011,0.82,0.108,0.167,10.0,10.0
moons,50,0.3,svm,1.0,0.0,0.7,0.184,0.3,10.0,25.0
moons,50,0.3,svm,1.0,0.0,0.7,0.205,0.3,10.0,50.0
moons,50,0.3,svm,1.0,0.0,0.52,0.204,0.48,10.0,100.0
moons,50,0.3,svm,1.0,0.0,0.46,0.22,0.54,10.0,250.0
moons,50,0.3,svm,1.0,0.0,0.56,0.174,0.44,10.0,500.0
moons,50,0.3,svm,1.0,0.0,0.56,0.233,0.44,10.0,1000.0
moons,100,0.3,log_reg,0.554,0.068,0.52,0.223,0.034,0.001,0.0
moons,100,0.3,log_reg,0.724,0.051,0.69,0.226,0.034,0.01,0.0
moons,100,0.3,log_reg,0.78,0.02,0.76,0.128,0.02,0.1,0.0
moons,100,0.3,log_reg,0.77,0.016,0.78,0.098,-0.01,1.0,0.0
moons,100,0.3,log_reg,0.768,0.02,0.75,0.163,0.018,10.0,0.0
moons,100,0.3,log_reg,0.767,0.013,0.77,0.1,-0.003,100.0,0.0
moons,100,0.3,log_reg,0.77,0.017,0.76,0.12,0.01,1000.0,0.0
moons,100,0.3,svm,0.53,0.014,0.53,0.127,0.0,0.1,0.0001
moons,100,0.3,svm,0.556,0.068,0.51,0.114,0.046,0.1,0.001
moons,100,0.3,svm,0.554,0.064,0.53,0.127,0.024,0.1,0.01
moons,100,0.3,svm,0.749,0.027,0.72,0.117,0.029,0.1,0.1
moons,100,0.3,svm,0.841,0.015,0.83,0.09,0.011,0.1,1.0
moons,100,0.3,svm,0.852,0.013,0.81,0.083,0.042,0.1,2.0
moons,100,0.3,svm,0.788,0.07,0.69,0.207,0.098,0.1,5.0
moons,100,0.3,svm,0.614,0.102,0.54,0.15,0.074,0.1,10.0
moons,100,0.3,svm,0.53,0.011,0.53,0.1,0.0,0.1,25.0
moons,100,0.3,svm,0.532,0.018,0.45,0.191,0.082,0.1,50.0
moons,100,0.3,svm,0.53,0.01,0.53,0.09,0.0,0.1,100.0
moons,100,0.3,svm,0.63,0.185,0.42,0.14,0.21,0.1,250.0
moons,100,0.3,svm,0.58,0.14,0.48,0.117,0.1,0.1,500.0
moons,100,0.3,svm,0.63,0.185,0.42,0.117,0.21,0.1,1000.0
moons,100,0.3,svm,0.53,0.015,0.53,0.135,0.0,1.0,0.0001
moons,100,0.3,svm,0.559,0.079,0.5,0.173,0.059,1.0,0.001
moons,100,0.3,svm,0.771,0.021,0.75,0.102,0.021,1.0,0.01
moons,100,0.3,svm,0.812,0.022,0.78,0.133,0.032,1.0,0.1
moons,100,0.3,svm,0.861,0.009,0.84,0.08,0.021,1.0,1.0
moons,100,0.3,svm,0.901,0.01,0.86,0.128,0.041,1.0,2.0
moons,100,0.3,svm,0.917,0.013,0.87,0.09,0.047,1.0,5.0
moons,100,0.3,svm,0.936,0.011,0.86,0.066,0.076,1.0,10.0
moons,100,0.3,svm,0.963,0.007,0.84,0.066,0.123,1.0,25.0
moons,100,0.3,svm,0.991,0.004,0.8,0.118,0.191,1.0,50.0
moons,100,0.3,svm,0.991,0.004,0.77,0.064,0.221,1.0,100.0
moons,100,0.3,svm,1.0,0.0,0.55,0.15,0.45,1.0,250.0
moons,100,0.3,svm,1.0,0.0,0.44,0.111,0.56,1.0,500.0
moons,100,0.3,svm,1.0,0.0,0.46,0.136,0.54,1.0,1000.0
moons,100,0.3,svm,0.582,0.087,0.44,0.246,0.142,10.0,0.0001
moons,100,0.3,svm,0.764,0.016,0.77,0.1,-0.006,10.0,0.001
moons,100,0.3,svm,0.779,0.02,0.75,0.112,0.029,10.0,0.01
moons,100,0.3,svm,0.828,0.014,0.79,0.122,0.038,10.0,0.1
moons,100,0.3,svm,0.906,0.015,0.87,0.09,0.036,10.0,1.0
moons,100,0.3,svm,0.924,0.012,0.88,0.108,0.044,10.0,2.0
moons,100,0.3,svm,0.944,0.009,0.88,0.098,0.064,10.0,5.0
moons,100,0.3,svm,0.963,0.009,0.82,0.098,0.143,10.0,10.0
moons,100,0.3,svm,0.991,0.004,0.79,0.114,0.201,10.0,25.0
moons,100,0.3,svm,0.992,0.005,0.76,0.12,0.232,10.0,50.0
moons,100,0.3,svm,1.0,0.0,0.7,0.11,0.3,10.0,100.0
moons,100,0.3,svm,1.0,0.0,0.62,0.14,0.38,10.0,250.0
moons,100,0.3,svm,1.0,0.0,0.56,0.128,0.44,10.0,500.0
moons,100,0.3,svm,1.0,0.0,0.52,0.098,0.48,10.0,1000.0
moons,1000,0.3,log_reg,0.783,0.005,0.772,0.051,0.011,0.001,0.0
moons,1000,0.3,log_reg,0.82,0.004,0.819,0.037,0.001,0.01,0.0
moons,1000,0.3,log_reg,0.831,0.003,0.829,0.027,0.002,0.1,0.0
moons,1000,0.3,log_reg,0.832,0.005,0.831,0.049,0.001,1.0,0.0
moons,1000,0.3,log_reg,0.832,0.004,0.835,0.028,-0.003,10.0,0.0
moons,1000,0.3,log_reg,0.832,0.004,0.827,0.041,0.005,100.0,0.0
moons,1000,0.3,log_reg,0.831,0.003,0.831,0.028,0.0,1000.0,0.0
moons,1000,0.3,svm,0.518,0.004,0.518,0.032,0.0,0.1,0.0001
moons,1000,0.3,svm,0.518,0.003,0.518,0.03,0.0,0.1,0.001
moons,1000,0.3,svm,0.804,0.005,0.803,0.038,0.001,0.1,0.01
moons,1000,0.3,svm,0.833,0.002,0.831,0.019,0.002,0.1,0.1
moons,1000,0.3,svm,0.885,0.003,0.884,0.021,0.001,0.1,1.0
moons,1000,0.3,svm,0.898,0.003,0.895,0.02,0.003,0.1,2.0
moons,1000,0.3,svm,0.901,0.003,0.894,0.026,0.007,0.1,5.0
moons,1000,0.3,svm,0.904,0.002,0.902,0.013,0.002,0.1,10.0
moons,1000,0.3,svm,0.906,0.003,0.894,0.02,0.012,0.1,25.0
moons,1000,0.3,svm,0.909,0.004,0.883,0.025,0.026,0.1,50.0
moons,1000,0.3,svm,0.703,0.039,0.598,0.075,0.105,0.1,100.0
moons,1000,0.3,svm,0.518,0.005,0.518,0.046,0.0,0.1,250.0
moons,1000,0.3,svm,0.518,0.005,0.518,0.043,0.0,0.1,500.0
moons,1000,0.3,svm,0.518,0.005,0.518,0.041,0.0,0.1,1000.0
moons,1000,0.3,svm,0.518,0.007,0.518,0.064,0.0,1.0,0.0001
moons,1000,0.3,svm,0.805,0.004,0.804,0.03,0.001,1.0,0.001
moons,1000,0.3,svm,0.832,0.004,0.829,0.038,0.003,1.0,0.01
moons,1000,0.3,svm,0.845,0.005,0.847,0.046,-0.002,1.0,0.1
moons,1000,0.3,svm,0.904,0.004,0.901,0.03,0.003,1.0,1.0
moons,1000,0.3,svm,0.903,0.004,0.902,0.027,0.001,1.0,2.0
moons,1000,0.3,svm,0.904,0.003,0.898,0.024,0.006,1.0,5.0
moons,1000,0.3,svm,0.907,0.002,0.898,0.017,0.009,1.0,10.0
moons,1000,0.3,svm,0.909,0.006,0.894,0.033,0.015,1.0,25.0
moons,1000,0.3,svm,0.914,0.003,0.884,0.022,0.03,1.0,50.0
moons,1000,0.3,svm,0.929,0.003,0.873,0.028,0.056,1.0,100.0
moons,1000,0.3,svm,0.961,0.003,0.854,0.026,0.107,1.0,250.0
moons,1000,0.3,svm,0.98,0.003,0.822,0.032,0.158,1.0,500.0
moons,1000,0.3,svm,0.992,0.003,0.754,0.054,0.238,1.0,1000.0
moons,1000,0.3,svm,0.805,0.006,0.8,0.044,0.005,10.0,0.0001
moons,1000,0.3,svm,0.832,0.006,0.833,0.052,-0.001,10.0,0.001
moons,1000,0.3,svm,0.832,0.003,0.83,0.025,0.002,10.0,0.01
moons,1000,0.3,svm,0.874,0.003,0.867,0.023,0.007,10.0,0.1
moons,1000,0.3,svm,0.903,0.003,0.901,0.026,0.002,10.0,1.0
moons,1000,0.3,svm,0.903,0.003,0.898,0.023,0.005,10.0,2.0
moons,1000,0.3,svm,0.906,0.003,0.896,0.024,0.01,10.0,5.0
moons,1000,0.3,svm,0.907,0.002,0.894,0.025,0.013,10.0,10.0
moons,1000,0.3,svm,0.92,0.004,0.876,0.026,0.044,10.0,25.0
moons,1000,0.3,svm,0.938,0.003,0.85,0.04,0.088,10.0,50.0
moons,1000,0.3,svm,0.967,0.002,0.837,0.028,0.13,10.0,100.0
moons,1000,0.3,svm,0.989,0.003,0.834,0.023,0.155,10.0,250.0
moons,1000,0.3,svm,0.994,0.001,0.824,0.022,0.17,10.0,500.0
moons,1000,0.3,svm,0.997,0.001,0.753,0.059,0.244,10.0,1000.0
moons,10000,0.3,log_reg,0.82,0.002,0.82,0.014,0.0,0.001,0.0
moons,10000,0.3,log_reg,0.848,0.001,0.847,0.011,0.001,0.01,0.0
moons,10000,0.3,log_reg,0.852,0.001,0.852,0.008,0.0,0.1,0.0
moons,10000,0.3,log_reg,0.852,0.002,0.852,0.015,0.0,1.0,0.0
moons,10000,0.3,log_reg,0.853,0.001,0.852,0.01,0.001,10.0,0.0
moons,10000,0.3,log_reg,0.853,0.001,0.853,0.009,0.0,100.0,0.0
moons,10000,0.3,log_reg,0.853,0.001,0.852,0.01,0.001,1000.0,0.0
moons,10000,0.3,svm,0.501,0.001,0.488,0.01,0.013,0.1,0.0001
moons,10000,0.3,svm,0.804,0.001,0.804,0.012,0.0,0.1,0.001
moons,10000,0.3,svm,0.842,0.001,0.842,0.01,0.0,0.1,0.01
moons,10000,0.3,svm,0.865,0.001,0.864,0.008,0.001,0.1,0.1
moons,10000,0.3,svm,0.913,0.002,0.913,0.014,0.0,0.1,1.0
moons,10000,0.3,svm,0.913,0.001,0.913,0.014,0.0,0.1,2.0
moons,10000,0.3,svm,0.915,0.001,0.914,0.009,0.001,0.1,5.0
moons,10000,0.3,svm,0.915,0.001,0.915,0.011,0.0,0.1,10.0
moons,10000,0.3,svm,0.916,0.001,0.914,0.005,0.002,0.1,25.0
moons,10000,0.3,svm,0.917,0.001,0.914,0.011,0.003,0.1,50.0
moons,10000,0.3,svm,0.917,0.001,0.914,0.008,0.003,0.1,100.0
moons,10000,0.3,svm,0.921,0.001,0.912,0.008,0.009,0.1,250.0
moons,10000,0.3,svm,0.926,0.001,0.908,0.008,0.018,0.1,500.0
moons,10000,0.3,svm,0.923,0.016,0.871,0.023,0.052,0.1,1000.0
moons,10000,0.3,svm,0.804,0.001,0.804,0.009,0.0,1.0,0.0001
moons,10000,0.3,svm,0.842,0.001,0.842,0.013,0.0,1.0,0.001
moons,10000,0.3,svm,0.851,0.001,0.852,0.01,-0.001,1.0,0.01
moons,10000,0.3,svm,0.89,0.001,0.89,0.01,0.0,1.0,0.1
moons,10000,0.3,svm,0.914,0.001,0.913,0.01,0.001,1.0,1.0
moons,10000,0.3,svm,0.913,0.001,0.913,0.007,0.0,1.0,2.0
moons,10000,0.3,svm,0.915,0.001,0.914,0.007,0.001,1.0,5.0
moons,10000,0.3,svm,0.916,0.001,0.914,0.007,0.002,1.0,10.0
moons,10000,0.3,svm,0.917,0.001,0.915,0.007,0.002,1.0,25.0
moons,10000,0.3,svm,0.918,0.001,0.914,0.009,0.004,1.0,50.0
moons,10000,0.3,svm,0.921,0.001,0.915,0.006,0.006,1.0,100.0
moons,10000,0.3,svm,0.925,0.001,0.911,0.01,0.014,1.0,250.0
moons,10000,0.3,svm,0.931,0.001,0.907,0.009,0.024,1.0,500.0
moons,10000,0.3,svm,0.941,0.001,0.899,0.006,0.042,1.0,1000.0
moons,10000,0.3,svm,0.842,0.001,0.842,0.008,0.0,10.0,0.0001
moons,10000,0.3,svm,0.851,0.001,0.851,0.008,0.0,10.0,0.001
moons,10000,0.3,svm,0.854,0.001,0.854,0.012,0.0,10.0,0.01
moons,10000,0.3,svm,0.908,0.001,0.908,0.009,0.0,10.0,0.1
moons,10000,0.3,svm,0.913,0.001,0.913,0.011,0.0,10.0,1.0
moons,10000,0.3,svm,0.915,0.001,0.913,0.007,0.002,10.0,2.0
moons,10000,0.3,svm,0.915,0.001,0.915,0.007,0.0,10.0,5.0
moons,10000,0.3,svm,0.916,0.002,0.913,0.011,0.003,10.0,10.0
moons,10000,0.3,svm,0.918,0.001,0.913,0.007,0.005,10.0,25.0
moons,10000,0.3,svm,0.921,0.001,0.914,0.009,0.007,10.0,50.0
moons,10000,0.3,svm,0.924,0.001,0.913,0.011,0.011,10.0,100.0
moons,10000,0.3,svm,0.935,0.001,0.903,0.008,0.032,10.0,250.0
moons,10000,0.3,svm,0.949,0.001,0.891,0.005,0.058,10.0,500.0
moons,10000,0.3,svm,0.97,0.001,0.872,0.006,0.098,10.0,1000.0
moons,10,0.4,log_reg,0.556,0.0,0.0,0.0,0.556,0.001,0.0
moons,10,0.4,log_reg,0.556,0.0,0.0,0.0,0.556,0.01,0.0
moons,10,0.4,log_reg,0.556,0.0,0.0,0.0,0.556,0.1,0.0
moons,10,0.4,log_reg,0.633,0.141,0.3,0.458,0.333,1.0,0.0
moons,10,0.4,log_reg,0.622,0.113,0.3,0.458,0.322,10.0,0.0
moons,10,0.4,log_reg,0.611,0.102,0.3,0.458,0.311,100.0,0.0
moons,10,0.4,log_reg,0.611,0.102,0.3,0.458,0.311,1000.0,0.0
moons,10,0.4,svm,0.556,0.0,0.0,0.0,0.556,0.1,0.0001
moons,10,0.4,svm,0.556,0.0,0.0,0.0,0.556,0.1,0.001
moons,10,0.4,svm,0.556,0.0,0.0,0.0,0.556,0.1,0.01
moons,10,0.4,svm,0.556,0.0,0.0,0.0,0.556,0.1,0.1
moons,10,0.4,svm,0.556,0.0,0.0,0.0,0.556,0.1,1.0
moons,10,0.4,svm,0.556,0.0,0.0,0.0,0.556,0.1,2.0
moons,10,0.4,svm,0.556,0.0,0.0,0.0,0.556,0.1,5.0
moons,10,0.4,svm,0.556,0.0,0.0,0.0,0.556,0.1,10.0
moons,10,0.4,svm,0.556,0.0,0.0,0.0,0.556,0.1,25.0
moons,10,0.4,svm,0.556,0.0,0.0,0.0,0.556,0.1,50.0
moons,10,0.4,svm,0.556,0.0,0.0,0.0,0.556,0.1,100.0
moons,10,0.4,svm,0.556,0.0,0.0,0.0,0.556,0.1,250.0
moons,10,0.4,svm,0.556,0.0,0.0,0.0,0.556,0.1,500.0
moons,10,0.4,svm,0.556,0.0,0.0,0.0,0.556,0.1,1000.0
moons,10,0.4,svm,0.556,0.0,0.0,0.0,0.556,1.0,0.0001
moons,10,0.4,svm,0.556,0.0,0.0,0.0,0.556,1.0,0.001
moons,10,0.4,svm,0.556,0.0,0.0,0.0,0.556,1.0,0.01
moons,10,0.4,svm,0.556,0.0,0.0,0.0,0.556,1.0,0.1
moons,10,0.4,svm,0.878,0.06,0.2,0.4,0.678,1.0,1.0
moons,10,0.4,svm,0.922,0.051,0.3,0.458,0.622,1.0,2.0
moons,10,0.4,svm,1.0,0.0,0.2,0.4,0.8,1.0,5.0
moons,10,0.4,svm,1.0,0.0,0.2,0.4,0.8,1.0,10.0
moons,10,0.4,svm,1.0,0.0,0.0,0.0,1.0,1.0,25.0
moons,10,0.4,svm,1.0,0.0,0.0,0.0,1.0,1.0,50.0
moons,10,0.4,svm,1.0,0.0,0.0,0.0,1.0,1.0,100.0
moons,10,0.4,svm,1.0,0.0,0.0,0.0,1.0,1.0,250.0
moons,10,0.4,svm,1.0,0.0,0.0,0.0,1.0,1.0,500.0
moons,10,0.4,svm,1.0,0.0,0.0,0.0,1.0,1.0,1000.0
moons,10,0.4,svm,0.556,0.0,0.0,0.0,0.556,10.0,0.0001
moons,10,0.4,svm,0.556,0.0,0.0,0.0,0.556,10.0,0.001
moons,10,0.4,svm,0.556,0.0,0.0,0.0,0.556,10.0,0.01
moons,10,0.4,svm,0.744,0.112,0.4,0.49,0.344,10.0,0.1
moons,10,0.4,svm,0.956,0.054,0.5,0.5,0.456,10.0,1.0
moons,10,0.4,svm,1.0,0.0,0.4,0.49,0.6,10.0,2.0
moons,10,0.4,svm,1.0,0.0,0.2,0.4,0.8,10.0,5.0
moons,10,0.4,svm,1.0,0.0,0.2,0.4,0.8,10.0,10.0
moons,10,0.4,svm,1.0,0.0,0.0,0.0,1.0,10.0,25.0
moons,10,0.4,svm,1.0,0.0,0.0,0.0,1.0,10.0,50.0
moons,10,0.4,svm,1.0,0.0,0.0,0.0,1.0,10.0,100.0
moons,10,0.4,svm,1.0,0.0,0.0,0.0,1.0,10.0,250.0
moons,10,0.4,svm,1.0,0.0,0.0,0.0,1.0,10.0,500.0
moons,10,0.4,svm,1.0,0.0,0.0,0.0,1.0,10.0,1000.0
moons,50,0.4,log_reg,0.527,0.014,0.42,0.189,0.107,0.001,0.0
moons,50,0.4,log_reg,0.707,0.09,0.52,0.256,0.187,0.01,0.0
moons,50,0.4,log_reg,0.793,0.033,0.82,0.14,-0.027,0.1,0.0
moons,50,0.4,log_reg,0.784,0.028,0.76,0.12,0.024,1.0,0.0
moons,50,0.4,log_reg,0.791,0.025,0.78,0.189,0.011,10.0,0.0
moons,50,0.4,log_reg,0.796,0.022,0.78,0.166,0.016,100.0,0.0
moons,50,0.4,log_reg,0.787,0.028,0.76,0.196,0.027,1000.0,0.0
moons,50,0.4,svm,0.527,0.02,0.34,0.18,0.187,0.1,0.0001
moons,50,0.4,svm,0.527,0.017,0.34,0.156,0.187,0.1,0.001
moons,50,0.4,svm,0.522,0.015,0.46,0.156,0.062,0.1,0.01
moons,50,0.4,svm,0.529,0.017,0.44,0.174,0.089,0.1,0.1
moons,50,0.4,svm,0.773,0.084,0.62,0.189,0.153,0.1,1.0
moons,50,0.4,svm,0.611,0.058,0.5,0.205,0.111,0.1,2.0
moons,50,0.4,svm,0.529,0.024,0.28,0.183,0.249,0.1,5.0
moons,50,0.4,svm,0.524,0.018,0.4,0.179,0.124,0.1,10.0
moons,50,0.4,svm,0.527,0.02,0.34,0.18,0.187,0.1,25.0
moons,50,0.4,svm,0.529,0.017,0.28,0.098,0.249,0.1,50.0
moons,50,0.4,svm,0.522,0.011,0.46,0.128,0.062,0.1,100.0
moons,50,0.4,svm,0.524,0.015,0.4,0.155,0.124,0.1,250.0
moons,50,0.4,svm,0.529,0.017,0.36,0.196,0.169,0.1,500.0
moons,50,0.4,svm,0.522,0.018,0.46,0.18,0.062,0.1,1000.0
moons,50,0.4,svm,0.524,0.018,0.4,0.179,0.124,1.0,0.0001
moons,50,0.4,svm,0.522,0.02,0.46,0.201,0.062,1.0,0.001
moons,50,0.4,svm,0.68,0.099,0.52,0.24,0.16,1.0,0.01
moons,50,0.4,svm,0.804,0.022,0.8,0.155,0.004,1.0,0.1
moons,50,0.4,svm,0.8,0.03,0.8,0.2,0.0,1.0,1.0
moons,50,0.4,svm,0.833,0.032,0.74,0.22,0.093,1.0,2.0
moons,50,0.4,svm,0.86,0.02,0.7,0.205,0.16,1.0,5.0
moons,50,0.4,svm,0.904,0.028,0.72,0.204,0.184,1.0,10.0
moons,50,0.4,svm,0.982,0.009,0.64,0.196,0.342,1.0,25.0
moons,50,0.4,svm,0.982,0.009,0.56,0.15,0.422,1.0,50.0
moons,50,0.4,svm,0.984,0.01,0.44,0.215,0.544,1.0,100.0
moons,50,0.4,svm,0.996,0.009,0.44,0.196,0.556,1.0,250.0
moons,50,0.4,svm,1.0,0.0,0.48,0.183,0.52,1.0,500.0
moons,50,0.4,svm,1.0,0.0,0.38,0.14,0.62,1.0,1000.0
moons,50,0.4,svm,0.524,0.015,0.4,0.155,0.124,10.0,0.0001
moons,50,0.4,svm,0.727,0.098,0.66,0.237,0.067,10.0,0.001
moons,50,0.4,svm,0.811,0.025,0.8,0.2,0.011,10.0,0.01
moons,50,0.4,svm,0.807,0.028,0.82,0.189,-0.013,10.0,0.1
moons,50,0.4,svm,0.84,0.026,0.76,0.196,0.08,10.0,1.0
moons,50,0.4,svm,0.864,0.025,0.72,0.256,0.144,10.0,2.0
moons,50,0.4,svm,0.962,0.01,0.7,0.224,0.262,10.0,5.0
moons,50,0.4,svm,0.982,0.009,0.72,0.256,0.262,10.0,10.0
moons,50,0.4,svm,0.984,0.01,0.74,0.18,0.244,10.0,25.0
moons,50,0.4,svm,0.984,0.01,0.7,0.184,0.284,10.0,50.0
moons,50,0.4,svm,0.984,0.01,0.56,0.215,0.424,10.0,100.0
moons,50,0.4,svm,1.0,0.0,0.5,0.1,0.5,10.0,250.0
moons,50,0.4,svm,1.0,0.0,0.52,0.133,0.48,10.0,500.0
moons,50,0.4,svm,1.0,0.0,0.38,0.227,0.62,10.0,1000.0
moons,100,0.4,log_reg,0.56,0.017,0.56,0.156,0.0,0.001,0.0
moons,100,0.4,log_reg,0.676,0.046,0.67,0.155,0.006,0.01,0.0
moons,100,0.4,log_reg,0.803,0.015,0.79,0.083,0.013,0.1,0.0
moons,100,0.4,log_reg,0.823,0.014,0.81,0.122,0.013,1.0,0.0
moons,100,0.4,log_reg,0.831,0.013,0.82,0.098,0.011,10.0,0.0
moons,100,0.4,log_reg,0.831,0.008,0.83,0.064,0.001,100.0,0.0
moons,100,0.4,log_reg,0.833,0.012,0.82,0.133,0.013,1000.0,0.0
moons,100,0.4,svm,0.56,0.021,0.56,0.185,0.0,0.1,0.0001
moons,100,0.4,svm,0.56,0.015,0.56,0.136,0.0,0.1,0.001
moons,100,0.4,svm,0.56,0.011,0.56,0.102,0.0,0.1,0.01
moons,100,0.4,svm,0.712,0.028,0.69,0.145,0.022,0.1,0.1
moons,100,0.4,svm,0.848,0.017,0.8,0.118,0.048,0.1,1.0
moons,100,0.4,svm,0.814,0.025,0.75,0.12,0.064,0.1,2.0
moons,100,0.4,svm,0.594,0.042,0.56,0.174,0.034,0.1,5.0
moons,100,0.4,svm,0.56,0.017,0.56,0.15,0.0,0.1,10.0
moons,100,0.4,svm,0.56,0.022,0.56,0.196,0.0,0.1,25.0
moons,100,0.4,svm,0.56,0.019,0.56,0.169,0.0,0.1,50.0
moons,100,0.4,svm,0.56,0.017,0.56,0.15,0.0,0.1,100.0
moons,100,0.4,svm,0.56,0.01,0.56,0.092,0.0,0.1,250.0
moons,100,0.4,svm,0.56,0.011,0.56,0.102,0.0,0.1,500.0
moons,100,0.4,svm,0.56,0.016,0.56,0.143,0.0,0.1,1000.0
moons,100,0.4,svm,0.56,0.019,0.56,0.169,0.0,1.0,0.0001
moons,100,0.4,svm,0.56,0.024,0.56,0.22,0.0,1.0,0.001
moons,100,0.4,svm,0.773,0.021,0.76,0.102,0.013,1.0,0.01
moons,100,0.4,svm,0.821,0.018,0.79,0.13,0.031,1.0,0.1
moons,100,0.4,svm,0.877,0.017,0.87,0.1,0.007,1.0,1.0
moons,100,0.4,svm,0.879,0.02,0.86,0.143,0.019,1.0,2.0
moons,100,0.4,svm,0.889,0.01,0.86,0.08,0.029,1.0,5.0
moons,100,0.4,svm,0.907,0.017,0.86,0.111,0.047,1.0,10.0
moons,100,0.4,svm,0.952,0.011,0.81,0.114,0.142,1.0,25.0
moons,100,0.4,svm,0.971,0.005,0.72,0.087,0.251,1.0,50.0
moons,100,0.4,svm,0.979,0.01,0.65,0.169,0.329,1.0,100.0
moons,100,0.4,svm,0.982,0.005,0.65,0.186,0.332,1.0,250.0
moons,100,0.4,svm,0.988,0.008,0.59,0.13,0.398,1.0,500.0
moons,100,0.4,svm,0.993,0.005,0.55,0.169,0.443,1.0,1000.0
moons,100,0.4,svm,0.56,0.01,0.56,0.092,0.0,10.0,0.0001
moons,100,0.4,svm,0.782,0.016,0.77,0.119,0.012,10.0,0.001
moons,100,0.4,svm,0.82,0.012,0.8,0.089,0.02,10.0,0.01
moons,100,0.4,svm,0.834,0.015,0.82,0.098,0.014,10.0,0.1
moons,100,0.4,svm,0.873,0.009,0.88,0.06,-0.007,10.0,1.0
moons,100,0.4,svm,0.892,0.017,0.83,0.119,0.062,10.0,2.0
moons,100,0.4,svm,0.923,0.014,0.83,0.119,0.093,10.0,5.0
moons,100,0.4,svm,0.957,0.012,0.83,0.078,0.127,10.0,10.0
moons,100,0.4,svm,0.982,0.007,0.76,0.128,0.222,10.0,25.0
moons,100,0.4,svm,0.984,0.005,0.73,0.135,0.254,10.0,50.0
moons,100,0.4,svm,0.99,0.006,0.7,0.134,0.29,10.0,100.0
moons,100,0.4,svm,1.0,0.0,0.65,0.169,0.35,10.0,250.0
moons,100,0.4,svm,1.0,0.0,0.63,0.168,0.37,10.0,500.0
moons,100,0.4,svm,1.0,0.0,0.57,0.135,0.43,10.0,1000.0
moons,1000,0.4,log_reg,0.796,0.005,0.799,0.036,-0.003,0.001,0.0
moons,1000,0.4,log_reg,0.815,0.004,0.812,0.03,0.003,0.01,0.0
moons,1000,0.4,log_reg,0.839,0.005,0.841,0.034,-0.002,0.1,0.0
moons,1000,0.4,log_reg,0.839,0.003,0.838,0.032,0.001,1.0,0.0
moons,1000,0.4,log_reg,0.839,0.004,0.837,0.033,0.002,10.0,0.0
moons,1000,0.4,log_reg,0.838,0.004,0.839,0.026,-0.001,100.0,0.0
moons,1000,0.4,log_reg,0.837,0.004,0.838,0.036,-0.001,1000.0,0.0
moons,1000,0.4,svm,0.507,0.003,0.481,0.044,0.026,0.1,0.0001
moons,1000,0.4,svm,0.534,0.087,0.527,0.09,0.007,0.1,0.001
moons,1000,0.4,svm,0.805,0.004,0.804,0.04,0.001,0.1,0.01
moons,1000,0.4,svm,0.836,0.004,0.833,0.031,0.003,0.1,0.1
moons,1000,0.4,svm,0.868,0.005,0.861,0.033,0.007,0.1,1.0
moons,1000,0.4,svm,0.87,0.002,0.866,0.025,0.004,0.1,2.0
moons,1000,0.4,svm,0.87,0.006,0.865,0.037,0.005,0.1,5.0
moons,1000,0.4,svm,0.873,0.005,0.864,0.033,0.009,0.1,10.0
moons,1000,0.4,svm,0.88,0.004,0.857,0.033,0.023,0.1,25.0
moons,1000,0.4,svm,0.856,0.024,0.794,0.069,0.062,0.1,50.0
moons,1000,0.4,svm,0.615,0.103,0.518,0.122,0.097,0.1,100.0
moons,1000,0.4,svm,0.507,0.003,0.471,0.04,0.036,0.1,250.0
moons,1000,0.4,svm,0.551,0.134,0.499,0.055,0.052,0.1,500.0
moons,1000,0.4,svm,0.508,0.003,0.455,0.047,0.053,0.1,1000.0
moons,1000,0.4,svm,0.507,0.004,0.465,0.046,0.042,1.0,0.0001
moons,1000,0.4,svm,0.806,0.005,0.805,0.039,0.001,1.0,0.001
moons,1000,0.4,svm,0.836,0.003,0.83,0.021,0.006,1.0,0.01
moons,1000,0.4,svm,0.844,0.005,0.841,0.039,0.003,1.0,0.1
moons,1000,0.4,svm,0.867,0.002,0.864,0.024,0.003,1.0,1.0
moons,1000,0.4,svm,0.868,0.005,0.863,0.032,0.005,1.0,2.0
moons,1000,0.4,svm,0.874,0.005,0.866,0.044,0.008,1.0,5.0
moons,1000,0.4,svm,0.877,0.004,0.866,0.027,0.011,1.0,10.0
moons,1000,0.4,svm,0.885,0.003,0.862,0.018,0.023,1.0,25.0
moons,1000,0.4,svm,0.894,0.006,0.856,0.037,0.038,1.0,50.0
moons,1000,0.4,svm,0.905,0.004,0.841,0.042,0.064,1.0,100.0
moons,1000,0.4,svm,0.943,0.005,0.795,0.035,0.148,1.0,250.0
moons,1000,0.4,svm,0.974,0.002,0.76,0.033,0.214,1.0,500.0
moons,1000,0.4,svm,0.993,0.001,0.723,0.048,0.27,1.0,1000.0
moons,1000,0.4,svm,0.806,0.005,0.808,0.038,-0.002,10.0,0.0001
moons,1000,0.4,svm,0.835,0.003,0.836,0.018,-0.001,10.0,0.001
moons,1000,0.4,svm,0.841,0.003,0.839,0.036,0.002,10.0,0.01
moons,1000,0.4,svm,0.858,0.005,0.854,0.035,0.004,10.0,0.1
moons,1000,0.4,svm,0.867,0.005,0.863,0.03,0.004,10.0,1.0
moons,1000,0.4,svm,0.871,0.007,0.861,0.05,0.01,10.0,2.0
moons,1000,0.4,svm,0.878,0.005,0.86,0.043,0.018,10.0,5.0
moons,1000,0.4,svm,0.884,0.004,0.868,0.027,0.016,10.0,10.0
moons,1000,0.4,svm,0.894,0.004,0.866,0.032,0.028,10.0,25.0
moons,1000,0.4,svm,0.918,0.004,0.823,0.026,0.095,10.0,50.0
moons,1000,0.4,svm,0.949,0.004,0.798,0.041,0.151,10.0,100.0
moons,1000,0.4,svm,0.987,0.002,0.769,0.038,0.218,10.0,250.0
moons,1000,0.4,svm,0.996,0.001,0.746,0.057,0.25,10.0,500.0
moons,1000,0.4,svm,0.998,0.001,0.704,0.047,0.294,10.0,1000.0
moons,10000,0.4,log_reg,0.812,0.001,0.812,0.009,0.0,0.001,0.0
moons,10000,0.4,log_reg,0.826,0.001,0.826,0.011,0.0,0.01,0.0
moons,10000,0.4,log_reg,0.828,0.001,0.828,0.012,0.0,0.1,0.0
moons,10000,0.4,log_reg,0.828,0.001,0.828,0.009,0.0,1.0,0.0
moons,10000,0.4,log_reg,0.828,0.001,0.828,0.01,0.0,10.0,0.0
moons,10000,0.4,log_reg,0.828,0.001,0.828,0.008,0.0,100.0,0.0
moons,10000,0.4,log_reg,0.828,0.001,0.828,0.012,0.0,1000.0,0.0
moons,10000,0.4,svm,0.501,0.001,0.491,0.005,0.01,0.1,0.0001
moons,10000,0.4,svm,0.802,0.001,0.802,0.014,0.0,0.1,0.001
moons,10000,0.4,svm,0.824,0.001,0.824,0.013,0.0,0.1,0.01
moons,10000,0.4,svm,0.835,0.001,0.835,0.007,0.0,0.1,0.1
moons,10000,0.4,svm,0.861,0.001,0.862,0.013,-0.001,0.1,1.0
moons,10000,0.4,svm,0.862,0.001,0.862,0.011,0.0,0.1,2.0
moons,10000,0.4,svm,0.863,0.001,0.861,0.011,0.002,0.1,5.0
moons,10000,0.4,svm,0.864,0.002,0.862,0.013,0.002,0.1,10.0
moons,10000,0.4,svm,0.864,0.001,0.863,0.011,0.001,0.1,25.0
moons,10000,0.4,svm,0.865,0.001,0.863,0.009,0.002,0.1,50.0
moons,10000,0.4,svm,0.867,0.001,0.862,0.009,0.005,0.1,100.0
moons,10000,0.4,svm,0.872,0.001,0.859,0.007,0.013,0.1,250.0
moons,10000,0.4,svm,0.88,0.002,0.847,0.009,0.033,0.1,500.0
moons,10000,0.4,svm,0.758,0.044,0.65,0.048,0.108,0.1,1000.0
moons,10000,0.4,svm,0.802,0.001,0.802,0.013,0.0,1.0,0.0001
moons,10000,0.4,svm,0.825,0.001,0.825,0.008,0.0,1.0,0.001
moons,10000,0.4,svm,0.827,0.002,0.827,0.015,0.0,1.0,0.01
moons,10000,0.4,svm,0.848,0.002,0.848,0.015,0.0,1.0,0.1
moons,10000,0.4,svm,0.862,0.001,0.861,0.012,0.001,1.0,1.0
moons,10000,0.4,svm,0.863,0.002,0.861,0.011,0.002,1.0,2.0
moons,10000,0.4,svm,0.864,0.001,0.862,0.01,0.002,1.0,5.0
moons,10000,0.4,svm,0.864,0.001,0.863,0.01,0.001,1.0,10.0
moons,10000,0.4,svm,0.865,0.001,0.861,0.007,0.004,1.0,25.0
moons,10000,0.4,svm,0.867,0.001,0.863,0.007,0.004,1.0,50.0
moons,10000,0.4,svm,0.87,0.001,0.858,0.009,0.012,1.0,100.0
moons,10000,0.4,svm,0.877,0.001,0.852,0.003,0.025,1.0,250.0
moons,10000,0.4,svm,0.889,0.002,0.845,0.013,0.044,1.0,500.0
moons,10000,0.4,svm,0.907,0.001,0.835,0.013,0.072,1.0,1000.0
moons,10000,0.4,svm,0.825,0.001,0.825,0.011,0.0,10.0,0.0001
moons,10000,0.4,svm,0.827,0.001,0.827,0.011,0.0,10.0,0.001
moons,10000,0.4,svm,0.83,0.001,0.829,0.009,0.001,10.0,0.01
moons,10000,0.4,svm,0.857,0.001,0.857,0.008,0.0,10.0,0.1
moons,10000,0.4,svm,0.862,0.002,0.86,0.016,0.002,10.0,1.0
moons,10000,0.4,svm,0.863,0.001,0.862,0.008,0.001,10.0,2.0
moons,10000,0.4,svm,0.864,0.002,0.863,0.016,0.001,10.0,5.0
moons,10000,0.4,svm,0.865,0.001,0.863,0.009,0.002,10.0,10.0
moons,10000,0.4,svm,0.867,0.001,0.862,0.009,0.005,10.0,25.0
moons,10000,0.4,svm,0.87,0.001,0.86,0.012,0.01,10.0,50.0
moons,10000,0.4,svm,0.876,0.001,0.851,0.009,0.025,10.0,100.0
moons,10000,0.4,svm,0.895,0.001,0.834,0.01,0.061,10.0,250.0
moons,10000,0.4,svm,0.921,0.001,0.814,0.01,0.107,10.0,500.0
moons,10000,0.4,svm,0.955,0.001,0.786,0.015,0.169,10.0,1000.0
moons,10,0.5,log_reg,0.7,0.051,0.7,0.458,0.0,0.001,0.0
moons,10,0.5,log_reg,0.7,0.051,0.7,0.458,0.0,0.01,0.0
moons,10,0.5,log_reg,0.7,0.051,0.7,0.458,0.0,0.1,0.0
moons,10,0.5,log_reg,0.822,0.074,0.6,0.49,0.222,1.0,0.0
moons,10,0.5,log_reg,0.844,0.089,0.8,0.4,0.044,10.0,0.0
moons,10,0.5,log_reg,0.911,0.044,0.7,0.458,0.211,100.0,0.0
moons,10,0.5,log_reg,0.922,0.051,0.7,0.458,0.222,1000.0,0.0
moons,10,0.5,svm,0.7,0.051,0.7,0.458,0.0,0.1,0.0001
moons,10,0.5,svm,0.7,0.051,0.7,0.458,0.0,0.1,0.001
moons,10,0.5,svm,0.7,0.051,0.7,0.458,0.0,0.1,0.01
moons,10,0.5,svm,0.7,0.051,0.7,0.458,0.0,0.1,0.1
moons,10,0.5,svm,0.7,0.051,0.7,0.458,0.0,0.1,1.0
moons,10,0.5,svm,0.7,0.051,0.7,0.458,0.0,0.1,2.0
moons,10,0.5,svm,0.7,0.051,0.7,0.458,0.0,0.1,5.0
moons,10,0.5,svm,0.7,0.051,0.7,0.458,0.0,0.1,10.0
moons,10,0.5,svm,0.7,0.051,0.7,0.458,0.0,0.1,25.0
moons,10,0.5,svm,0.7,0.051,0.7,0.458,0.0,0.1,50.0
moons,10,0.5,svm,0.7,0.051,0.7,0.458,0.0,0.1,100.0
moons,10,0.5,svm,0.7,0.051,0.7,0.458,0.0,0.1,250.0
moons,10,0.5,svm,0.7,0.051,0.7,0.458,0.0,0.1,500.0
moons,10,0.5,svm,0.7,0.051,0.7,0.458,0.0,0.1,1000.0
moons,10,0.5,svm,0.7,0.051,0.7,0.458,0.0,1.0,0.0001
moons,10,0.5,svm,0.7,0.051,0.7,0.458,0.0,1.0,0.001
moons,10,0.5,svm,0.7,0.051,0.7,0.458,0.0,1.0,0.01
moons,10,0.5,svm,0.722,0.075,0.6,0.49,0.122,1.0,0.1
moons,10,0.5,svm,0.989,0.033,0.6,0.49,0.389,1.0,1.0
moons,10,0.5,svm,1.0,0.0,0.6,0.49,0.4,1.0,2.0
moons,10,0.5,svm,1.0,0.0,0.7,0.458,0.3,1.0,5.0
moons,10,0.5,svm,1.0,0.0,0.7,0.458,0.3,1.0,10.0
moons,10,0.5,svm,1.0,0.0,0.7,0.458,0.3,1.0,25.0
moons,10,0.5,svm,1.0,0.0,0.7,0.458,0.3,1.0,50.0
moons,10,0.5,svm,1.0,0.0,0.7,0.458,0.3,1.0,100.0
moons,10,0.5,svm,1.0,0.0,0.7,0.458,0.3,1.0,250.0
moons,10,0.5,svm,1.0,0.0,0.7,0.458,0.3,1.0,500.0
moons,10,0.5,svm,1.0,0.0,0.7,0.458,0.3,1.0,1000.0
moons,10,0.5,svm,0.7,0.051,0.7,0.458,0.0,10.0,0.0001
moons,10,0.5,svm,0.7,0.051,0.7,0.458,0.0,10.0,0.001
moons,10,0.5,svm,0.733,0.113,0.6,0.49,0.133,10.0,0.01
moons,10,0.5,svm,0.967,0.051,0.7,0.458,0.267,10.0,0.1
moons,10,0.5,svm,1.0,0.0,0.9,0.3,0.1,10.0,1.0
moons,10,0.5,svm,1.0,0.0,0.8,0.4,0.2,10.0,2.0
moons,10,0.5,svm,1.0,0.0,0.7,0.458,0.3,10.0,5.0
moons,10,0.5,svm,1.0,0.0,0.7,0.458,0.3,10.0,10.0
moons,10,0.5,svm,1.0,0.0,0.7,0.458,0.3,10.0,25.0
moons,10,0.5,svm,1.0,0.0,0.7,0.458,0.3,10.0,50.0
moons,10,0.5,svm,1.0,0.0,0.7,0.458,0.3,10.0,100.0
moons,10,0.5,svm,1.0,0.0,0.7,0.458,0.3,10.0,250.0
moons,10,0.5,svm,1.0,0.0,0.7,0.458,0.3,10.0,500.0
moons,10,0.5,svm,1.0,0.0,0.7,0.458,0.3,10.0,1000.0
moons,50,0.5,log_reg,0.6,0.022,0.6,0.2,0.0,0.001,0.0
moons,50,0.5,log_reg,0.6,0.02,0.6,0.179,0.0,0.01,0.0
moons,50,0.5,log_reg,0.74,0.033,0.7,0.161,0.04,0.1,0.0
moons,50,0.5,log_reg,0.76,0.022,0.76,0.12,0.0,1.0,0.0
moons,50,0.5,log_reg,0.751,0.017,0.74,0.156,0.011,10.0,0.0
moons,50,0.5,log_reg,0.753,0.039,0.76,0.196,-0.007,100.0,0.0
moons,50,0.5,log_reg,0.758,0.023,0.72,0.16,0.038,1000.0,0.0
moons,50,0.5,svm,0.6,0.03,0.6,0.268,0.0,0.1,0.0001
moons,50,0.5,svm,0.6,0.02,0.6,0.179,0.0,0.1,0.001
moons,50,0.5,svm,0.6,0.024,0.6,0.219,0.0,0.1,0.01
moons,50,0.5,svm,0.6,0.017,0.6,0.155,0.0,0.1,0.1
moons,50,0.5,svm,0.6,0.028,0.6,0.253,0.0,0.1,1.0
moons,50,0.5,svm,0.6,0.026,0.6,0.237,0.0,0.1,2.0
moons,50,0.5,svm,0.6,0.031,0.6,0.283,0.0,0.1,5.0
moons,50,0.5,svm,0.6,0.024,0.6,0.219,0.0,0.1,10.0
moons,50,0.5,svm,0.6,0.02,0.6,0.179,0.0,0.1,25.0
moons,50,0.5,svm,0.6,0.02,0.6,0.179,0.0,0.1,50.0
moons,50,0.5,svm,0.6,0.028,0.6,0.253,0.0,0.1,100.0
moons,50,0.5,svm,0.6,0.026,0.6,0.237,0.0,0.1,250.0
moons,50,0.5,svm,0.6,0.017,0.6,0.155,0.0,0.1,500.0
moons,50,0.5,svm,0.6,0.028,0.6,0.253,0.0,0.1,1000.0
moons,50,0.5,svm,0.6,0.02,0.6,0.179,0.0,1.0,0.0001
moons,50,0.5,svm,0.6,0.02,0.6,0.179,0.0,1.0,0.001
moons,50,0.5,svm,0.602,0.021,0.6,0.219,0.002,1.0,0.01
moons,50,0.5,svm,0.749,0.026,0.66,0.297,0.089,1.0,0.1
moons,50,0.5,svm,0.782,0.031,0.68,0.133,0.102,1.0,1.0
moons,50,0.5,svm,0.82,0.021,0.64,0.25,0.18,1.0,2.0
moons,50,0.5,svm,0.88,0.023,0.58,0.166,0.3,1.0,5.0
moons,50,0.5,svm,0.904,0.022,0.56,0.233,0.344,1.0,10.0
moons,50,0.5,svm,0.947,0.018,0.5,0.184,0.447,1.0,25.0
moons,50,0.5,svm,0.947,0.018,0.56,0.196,0.387,1.0,50.0
moons,50,0.5,svm,0.971,0.017,0.56,0.196,0.411,1.0,100.0
moons,50,0.5,svm,0.982,0.009,0.58,0.166,0.402,1.0,250.0
moons,50,0.5,svm,0.993,0.01,0.58,0.244,0.413,1.0,500.0
moons,50,0.5,svm,1.0,0.0,0.58,0.227,0.42,1.0,1000.0
moons,50,0.5,svm,0.6,0.014,0.6,0.126,0.0,10.0,0.0001
moons,50,0.5,svm,0.607,0.02,0.6,0.253,0.007,10.0,0.001
moons,50,0.5,svm,0.753,0.034,0.68,0.204,0.073,10.0,0.01
moons,50,0.5,svm,0.778,0.02,0.66,0.128,0.118,10.0,0.1
moons,50,0.5,svm,0.86,0.032,0.6,0.155,0.26,10.0,1.0
moons,50,0.5,svm,0.88,0.023,0.58,0.244,0.3,10.0,2.0
moons,50,0.5,svm,0.94,0.014,0.54,0.201,0.4,10.0,5.0
moons,50,0.5,svm,0.949,0.022,0.58,0.14,0.369,10.0,10.0
moons,50,0.5,svm,0.984,0.01,0.52,0.256,0.464,10.0,25.0
moons,50,0.5,svm,1.0,0.0,0.5,0.134,0.5,10.0,50.0
moons,50,0.5,svm,1.0,0.0,0.54,0.156,0.46,10.0,100.0
moons,50,0.5,svm,1.0,0.0,0.54,0.156,0.46,10.0,250.0
moons,50,0.5,svm,1.0,0.0,0.58,0.303,0.42,10.0,500.0
moons,50,0.5,svm,1.0,0.0,0.58,0.209,0.42,10.0,1000.0
moons,100,0.5,log_reg,0.6,0.007,0.6,0.063,0.0,0.001,0.0
moons,100,0.5,log_reg,0.671,0.019,0.68,0.147,-0.009,0.01,0.0
moons,100,0.5,log_reg,0.807,0.012,0.79,0.13,0.017,0.1,0.0
moons,100,0.5,log_reg,0.821,0.019,0.82,0.154,0.001,1.0,0.0
moons,100,0.5,log_reg,0.819,0.016,0.81,0.104,0.009,10.0,0.0
moons,100,0.5,log_reg,0.814,0.018,0.81,0.114,0.004,100.0,0.0
moons,100,0.5,log_reg,0.82,0.023,0.81,0.145,0.01,1000.0,0.0
moons,100,0.5,svm,0.6,0.016,0.6,0.148,0.0,0.1,0.0001
moons,100,0.5,svm,0.6,0.018,0.6,0.161,0.0,0.1,0.001
moons,100,0.5,svm,0.6,0.009,0.6,0.077,0.0,0.1,0.01
moons,100,0.5,svm,0.751,0.033,0.69,0.158,0.061,0.1,0.1
moons,100,0.5,svm,0.808,0.028,0.72,0.14,0.088,0.1,1.0
moons,100,0.5,svm,0.7,0.053,0.63,0.205,0.07,0.1,2.0
moons,100,0.5,svm,0.6,0.016,0.6,0.148,0.0,0.1,5.0
moons,100,0.5,svm,0.6,0.017,0.6,0.155,0.0,0.1,10.0
moons,100,0.5,svm,0.6,0.016,0.6,0.148,0.0,0.1,25.0
moons,100,0.5,svm,0.6,0.019,0.6,0.173,0.0,0.1,50.0
moons,100,0.5,svm,0.6,0.018,0.6,0.161,0.0,0.1,100.0
moons,100,0.5,svm,0.6,0.017,0.6,0.155,0.0,0.1,250.0
moons,100,0.5,svm,0.6,0.017,0.6,0.155,0.0,0.1,500.0
moons,100,0.5,svm,0.6,0.019,0.6,0.167,0.0,0.1,1000.0
moons,100,0.5,svm,0.6,0.016,0.6,0.148,0.0,1.0,0.0001
moons,100,0.5,svm,0.6,0.019,0.6,0.173,0.0,1.0,0.001
moons,100,0.5,svm,0.799,0.009,0.75,0.136,0.049,1.0,0.01
moons,100,0.5,svm,0.821,0.013,0.82,0.108,0.001,1.0,0.1
moons,100,0.5,svm,0.856,0.017,0.82,0.133,0.036,1.0,1.0
moons,100,0.5,svm,0.867,0.014,0.8,0.1,0.067,1.0,2.0
moons,100,0.5,svm,0.9,0.016,0.78,0.154,0.12,1.0,5.0
moons,100,0.5,svm,0.916,0.016,0.77,0.155,0.146,1.0,10.0
moons,100,0.5,svm,0.936,0.01,0.72,0.133,0.216,1.0,25.0
moons,100,0.5,svm,0.952,0.01,0.66,0.128,0.292,1.0,50.0
moons,100,0.5,svm,0.97,0.009,0.61,0.164,0.36,1.0,100.0
moons,100,0.5,svm,0.981,0.007,0.61,0.104,0.371,1.0,250.0
moons,100,0.5,svm,0.987,0.008,0.6,0.155,0.387,1.0,500.0
moons,100,0.5,svm,1.0,0.0,0.6,0.161,0.4,1.0,1000.0
moons,100,0.5,svm,0.6,0.022,0.6,0.2,0.0,10.0,0.0001
moons,100,0.5,svm,0.799,0.024,0.78,0.172,0.019,10.0,0.001
moons,100,0.5,svm,0.827,0.015,0.83,0.11,-0.003,10.0,0.01
moons,100,0.5,svm,0.844,0.018,0.8,0.118,0.044,10.0,0.1
moons,100,0.5,svm,0.873,0.011,0.76,0.08,0.113,10.0,1.0
moons,100,0.5,svm,0.887,0.014,0.76,0.092,0.127,10.0,2.0
moons,100,0.5,svm,0.926,0.012,0.77,0.142,0.156,10.0,5.0
moons,100,0.5,svm,0.948,0.012,0.74,0.102,0.208,10.0,10.0
moons,100,0.5,svm,0.976,0.008,0.71,0.145,0.266,10.0,25.0
moons,100,0.5,svm,0.992,0.005,0.68,0.133,0.312,10.0,50.0
moons,100,0.5,svm,1.0,0.0,0.64,0.156,0.36,10.0,100.0
moons,100,0.5,svm,1.0,0.0,0.56,0.08,0.44,10.0,250.0
moons,100,0.5,svm,1.0,0.0,0.6,0.126,0.4,10.0,500.0
moons,100,0.5,svm,1.0,0.0,0.6,0.118,0.4,10.0,1000.0
moons,1000,0.5,log_reg,0.756,0.008,0.744,0.033,0.012,0.001,0.0
moons,1000,0.5,log_reg,0.772,0.005,0.771,0.045,0.001,0.01,0.0
moons,1000,0.5,log_reg,0.783,0.004,0.779,0.031,0.004,0.1,0.0
moons,1000,0.5,log_reg,0.785,0.004,0.784,0.034,0.001,1.0,0.0
moons,1000,0.5,log_reg,0.785,0.004,0.785,0.04,0.0,10.0,0.0
moons,1000,0.5,log_reg,0.786,0.003,0.784,0.035,0.002,100.0,0.0
moons,1000,0.5,log_reg,0.785,0.006,0.786,0.042,-0.001,1000.0,0.0
moons,1000,0.5,svm,0.519,0.007,0.519,0.06,0.0,0.1,0.0001
moons,1000,0.5,svm,0.519,0.004,0.519,0.04,0.0,0.1,0.001
moons,1000,0.5,svm,0.764,0.005,0.761,0.029,0.003,0.1,0.01
moons,1000,0.5,svm,0.781,0.005,0.779,0.035,0.002,0.1,0.1
moons,1000,0.5,svm,0.793,0.006,0.788,0.035,0.005,0.1,1.0
moons,1000,0.5,svm,0.799,0.007,0.792,0.049,0.007,0.1,2.0
moons,1000,0.5,svm,0.804,0.005,0.796,0.042,0.008,0.1,5.0
moons,1000,0.5,svm,0.808,0.004,0.787,0.026,0.021,0.1,10.0
moons,1000,0.5,svm,0.801,0.013,0.755,0.035,0.046,0.1,25.0
moons,1000,0.5,svm,0.657,0.031,0.596,0.072,0.061,0.1,50.0
moons,1000,0.5,svm,0.519,0.006,0.519,0.054,0.0,0.1,100.0
moons,1000,0.5,svm,0.519,0.005,0.519,0.044,0.0,0.1,250.0
moons,1000,0.5,svm,0.519,0.006,0.519,0.051,0.0,0.1,500.0
moons,1000,0.5,svm,0.519,0.006,0.519,0.054,0.0,0.1,1000.0
moons,1000,0.5,svm,0.519,0.004,0.519,0.039,0.0,1.0,0.0001
moons,1000,0.5,svm,0.763,0.004,0.762,0.039,0.001,1.0,0.001
moons,1000,0.5,svm,0.78,0.005,0.78,0.037,0.0,1.0,0.01
moons,1000,0.5,svm,0.786,0.003,0.782,0.026,0.004,1.0,0.1
moons,1000,0.5,svm,0.8,0.004,0.795,0.039,0.005,1.0,1.0
moons,1000,0.5,svm,0.805,0.006,0.795,0.028,0.01,1.0,2.0
moons,1000,0.5,svm,0.808,0.004,0.791,0.038,0.017,1.0,5.0
moons,1000,0.5,svm,0.811,0.005,0.787,0.032,0.024,1.0,10.0
moons,1000,0.5,svm,0.831,0.004,0.785,0.032,0.046,1.0,25.0
moons,1000,0.5,svm,0.854,0.004,0.764,0.053,0.09,1.0,50.0
moons,1000,0.5,svm,0.889,0.004,0.74,0.044,0.149,1.0,100.0
moons,1000,0.5,svm,0.942,0.004,0.692,0.044,0.25,1.0,250.0
moons,1000,0.5,svm,0.976,0.002,0.637,0.045,0.339,1.0,500.0
moons,1000,0.5,svm,0.991,0.001,0.588,0.034,0.403,1.0,1000.0
moons,1000,0.5,svm,0.764,0.005,0.761,0.039,0.003,10.0,0.0001
moons,1000,0.5,svm,0.78,0.003,0.781,0.035,-0.001,10.0,0.001
moons,1000,0.5,svm,0.782,0.003,0.784,0.033,-0.002,10.0,0.01
moons,1000,0.5,svm,0.791,0.003,0.788,0.024,0.003,10.0,0.1
moons,1000,0.5,svm,0.805,0.005,0.792,0.028,0.013,10.0,1.0
moons,1000,0.5,svm,0.807,0.005,0.788,0.041,0.019,10.0,2.0
moons,1000,0.5,svm,0.814,0.004,0.78,0.03,0.034,10.0,5.0
moons,1000,0.5,svm,0.825,0.007,0.782,0.041,0.043,10.0,10.0
moons,1000,0.5,svm,0.868,0.005,0.765,0.03,0.103,10.0,25.0
moons,1000,0.5,svm,0.91,0.003,0.731,0.045,0.179,10.0,50.0
moons,1000,0.5,svm,0.951,0.003,0.703,0.039,0.248,10.0,100.0
moons,1000,0.5,svm,0.987,0.002,0.665,0.033,0.322,10.0,250.0
moons,1000,0.5,svm,0.996,0.001,0.66,0.046,0.336,10.0,500.0
moons,1000,0.5,svm,0.997,0.001,0.592,0.03,0.405,10.0,1000.0
moons,10000,0.5,log_reg,0.795,0.001,0.795,0.006,0.0,0.001,0.0
moons,10000,0.5,log_reg,0.804,0.001,0.804,0.01,0.0,0.01,0.0
moons,10000,0.5,log_reg,0.806,0.001,0.806,0.008,0.0,0.1,0.0
moons,10000,0.5,log_reg,0.806,0.001,0.806,0.012,0.0,1.0,0.0
moons,10000,0.5,log_reg,0.806,0.002,0.806,0.015,0.0,10.0,0.0
moons,10000,0.5,log_reg,0.806,0.001,0.806,0.008,0.0,100.0,0.0
moons,10000,0.5,log_reg,0.806,0.001,0.806,0.01,0.0,1000.0,0.0
moons,10000,0.5,svm,0.501,0.001,0.488,0.007,0.013,0.1,0.0001
moons,10000,0.5,svm,0.786,0.002,0.786,0.014,0.0,0.1,0.001
moons,10000,0.5,svm,0.804,0.001,0.804,0.011,0.0,0.1,0.01
moons,10000,0.5,svm,0.81,0.002,0.81,0.018,0.0,0.1,0.1
moons,10000,0.5,svm,0.822,0.001,0.822,0.014,0.0,0.1,1.0
moons,10000,0.5,svm,0.824,0.001,0.823,0.01,0.001,0.1,2.0
moons,10000,0.5,svm,0.825,0.001,0.824,0.012,0.001,0.1,5.0
moons,10000,0.5,svm,0.826,0.001,0.824,0.009,0.002,0.1,10.0
moons,10000,0.5,svm,0.828,0.001,0.825,0.011,0.003,0.1,25.0
moons,10000,0.5,svm,0.829,0.001,0.823,0.011,0.006,0.1,50.0
moons,10000,0.5,svm,0.831,0.002,0.82,0.014,0.011,0.1,100.0
moons,10000,0.5,svm,0.841,0.001,0.815,0.01,0.026,0.1,250.0
moons,10000,0.5,svm,0.843,0.011,0.777,0.027,0.066,0.1,500.0
moons,10000,0.5,svm,0.598,0.048,0.523,0.033,0.075,0.1,1000.0
moons,10000,0.5,svm,0.786,0.001,0.786,0.007,0.0,1.0,0.0001
moons,10000,0.5,svm,0.804,0.001,0.804,0.01,0.0,1.0,0.001
moons,10000,0.5,svm,0.806,0.001,0.805,0.01,0.001,1.0,0.01
moons,10000,0.5,svm,0.818,0.002,0.817,0.015,0.001,1.0,0.1
moons,10000,0.5,svm,0.824,0.001,0.823,0.009,0.001,1.0,1.0
moons,10000,0.5,svm,0.825,0.001,0.824,0.01,0.001,1.0,2.0
moons,10000,0.5,svm,0.826,0.001,0.824,0.01,0.002,1.0,5.0
moons,10000,0.5,svm,0.828,0.001,0.825,0.01,0.003,1.0,10.0
moons,10000,0.5,svm,0.829,0.002,0.824,0.012,0.005,1.0,25.0
moons,10000,0.5,svm,0.831,0.002,0.822,0.012,0.009,1.0,50.0
moons,10000,0.5,svm,0.836,0.001,0.816,0.008,0.02,1.0,100.0
moons,10000,0.5,svm,0.851,0.002,0.814,0.015,0.037,1.0,250.0
moons,10000,0.5,svm,0.869,0.001,0.8,0.011,0.069,1.0,500.0
moons,10000,0.5,svm,0.897,0.001,0.783,0.013,0.114,1.0,1000.0
moons,10000,0.5,svm,0.804,0.001,0.804,0.011,0.0,10.0,0.0001
moons,10000,0.5,svm,0.806,0.001,0.805,0.008,0.001,10.0,0.001
moons,10000,0.5,svm,0.806,0.001,0.806,0.01,0.0,10.0,0.01
moons,10000,0.5,svm,0.822,0.001,0.822,0.013,0.0,10.0,0.1
moons,10000,0.5,svm,0.825,0.002,0.824,0.016,0.001,10.0,1.0
moons,10000,0.5,svm,0.826,0.002,0.824,0.011,0.002,10.0,2.0
moons,10000,0.5,svm,0.827,0.001,0.825,0.011,0.002,10.0,5.0
moons,10000,0.5,svm,0.828,0.001,0.824,0.01,0.004,10.0,10.0
moons,10000,0.5,svm,0.83,0.001,0.822,0.01,0.008,10.0,25.0
moons,10000,0.5,svm,0.836,0.001,0.816,0.007,0.02,10.0,50.0
moons,10000,0.5,svm,0.849,0.002,0.814,0.011,0.035,10.0,100.0
moons,10000,0.5,svm,0.879,0.001,0.788,0.014,0.091,10.0,250.0
moons,10000,0.5,svm,0.915,0.001,0.759,0.012,0.156,10.0,500.0
moons,10000,0.5,svm,0.954,0.001,0.739,0.014,0.215,10.0,1000.0
